A=[[0.301511, 0.904534, -0.301511];
[0.258041, 0.917679, -0.302127];
[0.214451, 0.931068, -0.295166];
[0.171874, 0.944348, -0.280474];
[0.131513, 0.957123, -0.258109];
[0.094601, 0.968963, -0.228387];
[0.062352, 0.979432, -0.191899];
[0.035899, 0.988105, -0.149530];
[0.016226, 0.994606, -0.102450];
[0.004098, 0.998635, -0.052074];
[0.000000, 1.000000, 0.000000];
[0.004098, 0.998635, 0.052074];
[0.016226, 0.994606, 0.102450];
[0.035899, 0.988105, 0.149530];
[0.062352, 0.979432, 0.191899];
[0.094601, 0.968963, 0.228387];
[0.131513, 0.957123, 0.258109];
[0.171874, 0.944348, 0.280474];
[0.214451, 0.931068, 0.295166];
[0.258041, 0.917679, 0.302127];
[0.301511, 0.904534, 0.301511];
[0.301511, 0.904534, -0.301511];
[0.263796, 0.914726, -0.306087];
[0.225107, 0.925958, -0.303197];
[0.186383, 0.938002, -0.292256];
[0.148722, 0.950494, -0.272841];
[0.113378, 0.962924, -0.244793];
[0.081721, 0.974641, -0.208320];
[0.055162, 0.984899, -0.164106];
[0.035038, 0.992933, -0.113385];
[0.022464, 0.998067, -0.057939];
[0.018185, 0.999835, 0.000000];
[0.022464, 0.998067, 0.057939];
[0.035038, 0.992933, 0.113385];
[0.055162, 0.984899, 0.164106];
[0.081721, 0.974641, 0.208320];
[0.113378, 0.962924, 0.244793];
[0.148722, 0.950494, 0.272841];
[0.186383, 0.938002, 0.292256];
[0.225107, 0.925958, 0.303197];
[0.263796, 0.914726, 0.306087];
[0.301511, 0.904534, 0.301511];
[0.301511, 0.904534, -0.301511];
[0.273550, 0.910761, -0.309330];
[0.244491, 0.918751, -0.310032];
[0.214951, 0.928530, -0.302701];
[0.185708, 0.939922, -0.286461];
[0.157718, 0.952476, -0.260606];
[0.132123, 0.965410, -0.224781];
[0.110210, 0.977614, -0.179232];
[0.093305, 0.987754, -0.125045];
[0.082597, 0.994506, -0.064302];
[0.078926, 0.996880, 0.000000];
[0.082597, 0.994506, 0.064302];
[0.093305, 0.987754, 0.125045];
[0.110210, 0.977614, 0.179232];
[0.132123, 0.965410, 0.224781];
[0.157718, 0.952476, 0.260606];
[0.185708, 0.939922, 0.286461];
[0.214951, 0.928530, 0.302701];
[0.244491, 0.918751, 0.310032];
[0.273550, 0.910761, 0.309330];
[0.301511, 0.904534, 0.301511];
[0.301511, 0.904534, -0.301511];
[0.286339, 0.906095, -0.311452];
[0.270739, 0.909782, -0.314638];
[0.255056, 0.915895, -0.309972];
[0.239699, 0.924532, -0.296285];
[0.225153, 0.935458, -0.272441];
[0.211972, 0.947962, -0.237561];
[0.200772, 0.960763, -0.191376];
[0.192178, 0.972076, -0.134668];
[0.186754, 0.979935, -0.069650];
[0.184897, 0.982758, 0.000000];
[0.186754, 0.979935, 0.069650];
[0.192178, 0.972076, 0.134668];
[0.200772, 0.960763, 0.191376];
[0.211972, 0.947962, 0.237561];
[0.225153, 0.935458, 0.272441];
[0.239699, 0.924532, 0.296285];
[0.255056, 0.915895, 0.309972];
[0.270739, 0.909782, 0.314638];
[0.286339, 0.906095, 0.311452];
[0.301511, 0.904534, 0.301511];
[0.301511, 0.904534, -0.301511];
[0.300781, 0.901156, -0.312168];
[0.300741, 0.899756, -0.316218];
[0.301536, 0.900784, -0.312513];
[0.303251, 0.904525, -0.299788];
[0.305868, 0.910962, -0.276755];
[0.309203, 0.919604, -0.242327];
[0.312863, 0.929354, -0.196004];
[0.316250, 0.938526, -0.138402];
[0.318673, 0.945145, -0.071751];
[0.319556, 0.947567, 0.000000];
[0.318673, 0.945145, 0.071751];
[0.316250, 0.938526, 0.138402];
[0.312863, 0.929354, 0.196004];
[0.309203, 0.919604, 0.242327];
[0.305868, 0.910962, 0.276755];
[0.303251, 0.904525, 0.299788];
[0.301536, 0.900784, 0.312513];
[0.300741, 0.899756, 0.316218];
[0.300781, 0.901156, 0.312168];
[0.301511, 0.904534, 0.301511];
[0.301511, 0.904534, -0.301511];
[0.315262, 0.896467, -0.311380];
[0.330664, 0.889811, -0.314480];
[0.347607, 0.885010, -0.309720];
[0.365800, 0.882389, -0.295939];
[0.384691, 0.882054, -0.272017];
[0.403373, 0.883784, -0.237097];
[0.420556, 0.886949, -0.190928];
[0.434632, 0.890537, -0.134309];
[0.443946, 0.893358, -0.069448];
[0.447214, 0.894427, 0.000000];
[0.443946, 0.893358, 0.069448];
[0.434632, 0.890537, 0.134309];
[0.420556, 0.886949, 0.190928];
[0.403373, 0.883784, 0.237097];
[0.384691, 0.882054, 0.272017];
[0.365800, 0.882389, 0.295939];
[0.347607, 0.885010, 0.309720];
[0.330664, 0.889811, 0.314480];
[0.315262, 0.896467, 0.311380];
[0.301511, 0.904534, 0.301511];
[0.301511, 0.904534, -0.301511];
[0.328184, 0.892577, -0.309196];
[0.356786, 0.881341, -0.309746];
[0.386818, 0.871214, -0.302254];
[0.417532, 0.862524, -0.285867];
[0.447871, 0.855490, -0.259902];
[0.476438, 0.850186, -0.224034];
[0.501530, 0.846518, -0.178533];
[0.521293, 0.844247, -0.124499];
[0.533994, 0.843063, -0.064001];
[0.538380, 0.842702, 0.000000];
[0.533994, 0.843063, 0.064001];
[0.521293, 0.844247, 0.124499];
[0.501530, 0.846518, 0.178533];
[0.476438, 0.850186, 0.224034];
[0.447871, 0.855490, 0.259902];
[0.417532, 0.862524, 0.285867];
[0.386818, 0.871214, 0.302254];
[0.356786, 0.881341, 0.309746];
[0.328184, 0.892577, 0.309196];
[0.301511, 0.904534, 0.301511];
[0.301511, 0.904534, -0.301511];
[0.338200, 0.889967, -0.305908];
[0.376247, 0.875633, -0.302828];
[0.414748, 0.861913, -0.291703];
[0.452594, 0.849177, -0.272136];
[0.488470, 0.837774, -0.243991];
[0.520897, 0.828015, -0.207502];
[0.548314, 0.820160, -0.163369];
[0.569215, 0.814410, -0.112826];
[0.582331, 0.810906, -0.057636];
[0.586803, 0.809729, 0.000000];
[0.582331, 0.810906, 0.057636];
[0.569215, 0.814410, 0.112826];
[0.548314, 0.820160, 0.163369];
[0.520897, 0.828015, 0.207502];
[0.488470, 0.837774, 0.243991];
[0.452594, 0.849177, 0.272136];
[0.414748, 0.861913, 0.291703];
[0.376247, 0.875633, 0.302828];
[0.338200, 0.889967, 0.305908];
[0.301511, 0.904534, 0.301511];
[0.301511, 0.904534, -0.301511];
[0.344376, 0.888958, -0.301925];
[0.387419, 0.873510, -0.294766];
[0.429517, 0.858587, -0.279899];
[0.469473, 0.844593, -0.257407];
[0.506055, 0.831924, -0.227621];
[0.538045, 0.820957, -0.191147];
[0.564305, 0.812032, -0.148875];
[0.583845, 0.805437, -0.101964];
[0.595896, 0.801388, -0.051815];
[0.599969, 0.800023, 0.000000];
[0.595896, 0.801388, 0.051815];
[0.583845, 0.805437, 0.101964];
[0.564305, 0.812032, 0.148875];
[0.538045, 0.820957, 0.191147];
[0.506055, 0.831924, 0.227621];
[0.469473, 0.844593, 0.257407];
[0.429517, 0.858587, 0.279899];
[0.387419, 0.873510, 0.294766];
[0.344376, 0.888958, 0.301925];
[0.301511, 0.904534, 0.301511];
[0.301511, 0.904534, -0.301511];
[0.346251, 0.889655, -0.297698];
[0.389860, 0.875152, -0.286561];
[0.431268, 0.861382, -0.268383];
[0.469460, 0.848681, -0.243616];
[0.503501, 0.837360, -0.212872];
[0.532561, 0.827696, -0.176912];
[0.555931, 0.819924, -0.136618];
[0.573043, 0.814234, -0.092979];
[0.583479, 0.810763, -0.047065];
[0.586986, 0.809597, 0.000000];
[0.583479, 0.810763, 0.047065];
[0.573043, 0.814234, 0.092979];
[0.555931, 0.819924, 0.136618];
[0.532561, 0.827696, 0.176912];
[0.503501, 0.837360, 0.212872];
[0.469460, 0.848681, 0.243616];
[0.431268, 0.861382, 0.268383];
[0.389860, 0.875152, 0.286561];
[0.346251, 0.889655, 0.297698];
[0.301511, 0.904534, 0.301511];
[0.301511, 0.904534, -0.301511];
[0.343823, 0.891938, -0.293652];
[0.384042, 0.880146, -0.279023];
[0.421350, 0.869365, -0.258203];
[0.455037, 0.859759, -0.231853];
[0.484508, 0.851455, -0.200690];
[0.509268, 0.844550, -0.165471];
[0.528924, 0.839115, -0.126983];
[0.543175, 0.835201, -0.086030];
[0.551808, 0.832839, -0.043428];
[0.554700, 0.832050, 0.000000];
[0.551808, 0.832839, 0.043428];
[0.543175, 0.835201, 0.086030];
[0.528924, 0.839115, 0.126983];
[0.509268, 0.844550, 0.165471];
[0.484508, 0.851455, 0.200690];
[0.455037, 0.859759, 0.231853];
[0.421350, 0.869365, 0.258203];
[0.384042, 0.880146, 0.279023];
[0.343823, 0.891938, 0.293652];
[0.301511, 0.904534, 0.301511];
[0.301511, 0.904534, -0.301511];
[0.337473, 0.895502, -0.290150];
[0.371038, 0.887666, -0.272726];
[0.401681, 0.881004, -0.249970];
[0.428978, 0.875456, -0.222608];
[0.452588, 0.870948, -0.191347];
[0.472243, 0.867397, -0.156875];
[0.487734, 0.864725, -0.119859];
[0.498905, 0.862868, -0.080950];
[0.505650, 0.861774, -0.040787];
[0.507905, 0.861413, 0.000000];
[0.505650, 0.861774, 0.040787];
[0.498905, 0.862868, 0.080950];
[0.487734, 0.864725, 0.119859];
[0.472243, 0.867397, 0.156875];
[0.452588, 0.870948, 0.191347];
[0.428978, 0.875456, 0.222608];
[0.401681, 0.881004, 0.249970];
[0.371038, 0.887666, 0.272726];
[0.337473, 0.895502, 0.290150];
[0.301511, 0.904534, 0.301511];
[0.301511, 0.904534, -0.301511];
[0.327887, 0.899918, -0.287469];
[0.352290, 0.896687, -0.268038];
[0.374414, 0.894585, -0.243991];
[0.394014, 0.893355, -0.216034];
[0.410895, 0.892753, -0.184819];
[0.424901, 0.892565, -0.150952];
[0.435914, 0.892610, -0.115002];
[0.443843, 0.892746, -0.077514];
[0.448624, 0.892869, -0.039010];
[0.450222, 0.892916, 0.000000];
[0.448624, 0.892869, 0.039010];
[0.443843, 0.892746, 0.077514];
[0.435914, 0.892610, 0.115002];
[0.424901, 0.892565, 0.150952];
[0.410895, 0.892753, 0.184819];
[0.394014, 0.893355, 0.216034];
[0.374414, 0.894585, 0.243991];
[0.352290, 0.896687, 0.268038];
[0.327887, 0.899918, 0.287469];
[0.301511, 0.904534, 0.301511];
[0.301511, 0.904534, -0.301511];
[0.315967, 0.904701, -0.285798];
[0.329464, 0.906166, -0.265174];
[0.341800, 0.908505, -0.240397];
[0.352807, 0.911332, -0.212136];
[0.362343, 0.914303, -0.180991];
[0.370295, 0.917127, -0.147509];
[0.376572, 0.919568, -0.112199];
[0.381104, 0.921441, -0.075540];
[0.383843, 0.922617, -0.037991];
[0.384759, 0.923017, 0.000000];
[0.383843, 0.922617, 0.037991];
[0.381104, 0.921441, 0.075540];
[0.376572, 0.919568, 0.112199];
[0.370295, 0.917127, 0.147509];
[0.362343, 0.914303, 0.180991];
[0.352807, 0.911332, 0.212136];
[0.341800, 0.908505, 0.240397];
[0.329464, 0.906166, 0.265174];
[0.315967, 0.904701, 0.285798];
[0.301511, 0.904534, 0.301511];
[0.301511, 0.904534, -0.301511];
[0.302764, 0.909378, -0.285248];
[0.304370, 0.915170, -0.264240];
[0.306167, 0.921427, -0.239234];
[0.308013, 0.927716, -0.210883];
[0.309781, 0.933659, -0.179768];
[0.311368, 0.938942, -0.146414];
[0.312689, 0.943311, -0.111310];
[0.313678, 0.946569, -0.074915];
[0.314290, 0.948579, -0.037669];
[0.314497, 0.949258, 0.000000];
[0.314290, 0.948579, 0.037669];
[0.313678, 0.946569, 0.074915];
[0.312689, 0.943311, 0.111310];
[0.311368, 0.938942, 0.146414];
[0.309781, 0.933659, 0.179768];
[0.308013, 0.927716, 0.210883];
[0.306167, 0.921427, 0.239234];
[0.304370, 0.915170, 0.264240];
[0.302764, 0.909378, 0.285248];
[0.301511, 0.904534, 0.301511];
[0.301511, 0.904534, -0.301511];
[0.289416, 0.913524, -0.285853];
[0.278920, 0.922950, -0.265268];
[0.269936, 0.932356, -0.240515];
[0.262371, 0.941332, -0.212263];
[0.256136, 0.949522, -0.181115];
[0.251148, 0.956626, -0.147621];
[0.247340, 0.962400, -0.112290];
[0.244658, 0.966657, -0.075603];
[0.243064, 0.969265, -0.038024];
[0.242536, 0.970143, 0.000000];
[0.243064, 0.969265, 0.038024];
[0.244658, 0.966657, 0.075603];
[0.247340, 0.962400, 0.112290];
[0.251148, 0.956626, 0.147621];
[0.256136, 0.949522, 0.181115];
[0.262371, 0.941332, 0.212263];
[0.269936, 0.932356, 0.240515];
[0.278920, 0.922950, 0.265268];
[0.289416, 0.913524, 0.285853];
[0.301511, 0.904534, 0.301511];
[0.301511, 0.904534, -0.301511];
[0.277086, 0.916801, -0.287576];
[0.255096, 0.928968, -0.268224];
[0.235647, 0.940651, -0.244226];
[0.218789, 0.951499, -0.216290];
[0.204540, 0.961203, -0.185071];
[0.192901, 0.969502, -0.151179];
[0.183865, 0.976179, -0.115189];
[0.177420, 0.981067, -0.077645];
[0.173558, 0.984048, -0.039077];
[0.172271, 0.985050, 0.000000];
[0.173558, 0.984048, 0.039077];
[0.177420, 0.981067, 0.077645];
[0.183865, 0.976179, 0.115189];
[0.192901, 0.969502, 0.151179];
[0.204540, 0.961203, 0.185071];
[0.218789, 0.951499, 0.216290];
[0.235647, 0.940651, 0.244226];
[0.255096, 0.928968, 0.268224];
[0.277086, 0.916801, 0.287576];
[0.301511, 0.904534, 0.301511];
[0.301511, 0.904534, -0.301511];
[0.266895, 0.918962, -0.290303];
[0.234907, 0.932895, -0.272996];
[0.205970, 0.946001, -0.250318];
[0.180406, 0.957981, -0.222994];
[0.158454, 0.968571, -0.191733];
[0.140291, 0.977547, -0.157227];
[0.126048, 0.984721, -0.120149];
[0.115814, 0.989950, -0.081156];
[0.109651, 0.993129, -0.040894];
[0.107593, 0.994195, 0.000000];
[0.109651, 0.993129, 0.040894];
[0.115814, 0.989950, 0.081156];
[0.126048, 0.984721, 0.120149];
[0.140291, 0.977547, 0.157227];
[0.158454, 0.968571, 0.191733];
[0.180406, 0.957981, 0.222994];
[0.205970, 0.946001, 0.250318];
[0.234907, 0.932895, 0.272996];
[0.266895, 0.918962, 0.290303];
[0.301511, 0.904534, 0.301511];
[0.301511, 0.904534, -0.301511];
[0.259850, 0.919857, -0.293838];
[0.220304, 0.934571, -0.279362];
[0.183673, 0.948347, -0.258654];
[0.150639, 0.960892, -0.232366];
[0.121774, 0.971949, -0.201214];
[0.097548, 0.981296, -0.165958];
[0.078332, 0.988755, -0.127390];
[0.064410, 0.994183, -0.086321];
[0.055979, 0.997480, -0.043580];
[0.053156, 0.998586, 0.000000];
[0.055979, 0.997480, 0.043580];
[0.064410, 0.994183, 0.086321];
[0.078332, 0.988755, 0.127390];
[0.097548, 0.981296, 0.165958];
[0.121774, 0.971949, 0.201214];
[0.150639, 0.960892, 0.232366];
[0.183673, 0.948347, 0.258654];
[0.220304, 0.934571, 0.279362];
[0.259850, 0.919857, 0.293838];
[0.301511, 0.904534, 0.301511];
[0.301511, 0.904534, -0.301511];
[0.256741, 0.919423, -0.297901];
[0.213043, 0.933956, -0.286948];
[0.171498, 0.947773, -0.268915];
[0.133132, 0.960532, -0.244241];
[0.098898, 0.971918, -0.213530];
[0.069645, 0.981647, -0.177538];
[0.046101, 0.989477, -0.137150];
[0.028852, 0.995214, -0.093366];
[0.018327, 0.998714, -0.047269];
[0.014789, 0.999891, 0.000000];
[0.018327, 0.998714, 0.047269];
[0.028852, 0.995214, 0.093366];
[0.046101, 0.989477, 0.137150];
[0.069645, 0.981647, 0.177538];
[0.098898, 0.971918, 0.213530];
[0.133132, 0.960532, 0.244241];
[0.171498, 0.947773, 0.268915];
[0.213043, 0.933956, 0.286948];
[0.256741, 0.919423, 0.297901];
[0.301511, 0.904534, 0.301511];
[0.301511, 0.904534, -0.301511];
[0.258041, 0.917679, -0.302127];
[0.214451, 0.931068, -0.295166];
[0.171874, 0.944348, -0.280474];
[0.131513, 0.957123, -0.258109];
[0.094601, 0.968963, -0.228387];
[0.062352, 0.979432, -0.191899];
[0.035899, 0.988105, -0.149530];
[0.016226, 0.994606, -0.102450];
[0.004098, 0.998635, -0.052074];
[0.000000, 1.000000, 0.000000];
[0.004098, 0.998635, 0.052074];
[0.016226, 0.994606, 0.102450];
[0.035899, 0.988105, 0.149530];
[0.062352, 0.979432, 0.191899];
[0.094601, 0.968963, 0.228387];
[0.131513, 0.957123, 0.258109];
[0.171874, 0.944348, 0.280474];
[0.214451, 0.931068, 0.295166];
[0.258041, 0.917679, 0.302127];
[0.301511, 0.904534, 0.301511];
[0.301511, -0.904534, -0.301511];
[0.258041, -0.917679, -0.302127];
[0.214451, -0.931068, -0.295166];
[0.171874, -0.944348, -0.280474];
[0.131513, -0.957123, -0.258109];
[0.094601, -0.968963, -0.228387];
[0.062352, -0.979432, -0.191899];
[0.035899, -0.988105, -0.149530];
[0.016226, -0.994606, -0.102450];
[0.004098, -0.998635, -0.052074];
[0.000000, -1.000000, 0.000000];
[0.004098, -0.998635, 0.052074];
[0.016226, -0.994606, 0.102450];
[0.035899, -0.988105, 0.149530];
[0.062352, -0.979432, 0.191899];
[0.094601, -0.968963, 0.228387];
[0.131513, -0.957123, 0.258109];
[0.171874, -0.944348, 0.280474];
[0.214451, -0.931068, 0.295166];
[0.258041, -0.917679, 0.302127];
[0.301511, -0.904534, 0.301511];
[0.301511, -0.904534, -0.301511];
[0.256741, -0.919423, -0.297901];
[0.213043, -0.933956, -0.286948];
[0.171498, -0.947773, -0.268915];
[0.133132, -0.960532, -0.244241];
[0.098898, -0.971918, -0.213530];
[0.069645, -0.981647, -0.177538];
[0.046101, -0.989477, -0.137150];
[0.028852, -0.995214, -0.093366];
[0.018327, -0.998714, -0.047269];
[0.014789, -0.999891, 0.000000];
[0.018327, -0.998714, 0.047269];
[0.028852, -0.995214, 0.093366];
[0.046101, -0.989477, 0.137150];
[0.069645, -0.981647, 0.177538];
[0.098898, -0.971918, 0.213530];
[0.133132, -0.960532, 0.244241];
[0.171498, -0.947773, 0.268915];
[0.213043, -0.933956, 0.286948];
[0.256741, -0.919423, 0.297901];
[0.301511, -0.904534, 0.301511];
[0.301511, -0.904534, -0.301511];
[0.259850, -0.919857, -0.293838];
[0.220304, -0.934571, -0.279362];
[0.183673, -0.948347, -0.258654];
[0.150639, -0.960892, -0.232366];
[0.121774, -0.971949, -0.201214];
[0.097548, -0.981296, -0.165958];
[0.078332, -0.988755, -0.127390];
[0.064410, -0.994183, -0.086321];
[0.055979, -0.997480, -0.043580];
[0.053156, -0.998586, 0.000000];
[0.055979, -0.997480, 0.043580];
[0.064410, -0.994183, 0.086321];
[0.078332, -0.988755, 0.127390];
[0.097548, -0.981296, 0.165958];
[0.121774, -0.971949, 0.201214];
[0.150639, -0.960892, 0.232366];
[0.183673, -0.948347, 0.258654];
[0.220304, -0.934571, 0.279362];
[0.259850, -0.919857, 0.293838];
[0.301511, -0.904534, 0.301511];
[0.301511, -0.904534, -0.301511];
[0.266895, -0.918962, -0.290303];
[0.234907, -0.932895, -0.272996];
[0.205970, -0.946001, -0.250318];
[0.180406, -0.957981, -0.222994];
[0.158454, -0.968571, -0.191733];
[0.140291, -0.977547, -0.157227];
[0.126048, -0.984721, -0.120149];
[0.115814, -0.989950, -0.081156];
[0.109651, -0.993129, -0.040894];
[0.107593, -0.994195, 0.000000];
[0.109651, -0.993129, 0.040894];
[0.115814, -0.989950, 0.081156];
[0.126048, -0.984721, 0.120149];
[0.140291, -0.977547, 0.157227];
[0.158454, -0.968571, 0.191733];
[0.180406, -0.957981, 0.222994];
[0.205970, -0.946001, 0.250318];
[0.234907, -0.932895, 0.272996];
[0.266895, -0.918962, 0.290303];
[0.301511, -0.904534, 0.301511];
[0.301511, -0.904534, -0.301511];
[0.277086, -0.916801, -0.287576];
[0.255096, -0.928968, -0.268224];
[0.235647, -0.940651, -0.244226];
[0.218789, -0.951499, -0.216290];
[0.204540, -0.961203, -0.185071];
[0.192901, -0.969502, -0.151179];
[0.183865, -0.976179, -0.115189];
[0.177420, -0.981067, -0.077645];
[0.173558, -0.984048, -0.039077];
[0.172271, -0.985050, 0.000000];
[0.173558, -0.984048, 0.039077];
[0.177420, -0.981067, 0.077645];
[0.183865, -0.976179, 0.115189];
[0.192901, -0.969502, 0.151179];
[0.204540, -0.961203, 0.185071];
[0.218789, -0.951499, 0.216290];
[0.235647, -0.940651, 0.244226];
[0.255096, -0.928968, 0.268224];
[0.277086, -0.916801, 0.287576];
[0.301511, -0.904534, 0.301511];
[0.301511, -0.904534, -0.301511];
[0.289416, -0.913524, -0.285853];
[0.278920, -0.922950, -0.265268];
[0.269936, -0.932356, -0.240515];
[0.262371, -0.941332, -0.212263];
[0.256136, -0.949522, -0.181115];
[0.251148, -0.956626, -0.147621];
[0.247340, -0.962400, -0.112290];
[0.244658, -0.966657, -0.075603];
[0.243064, -0.969265, -0.038024];
[0.242536, -0.970143, 0.000000];
[0.243064, -0.969265, 0.038024];
[0.244658, -0.966657, 0.075603];
[0.247340, -0.962400, 0.112290];
[0.251148, -0.956626, 0.147621];
[0.256136, -0.949522, 0.181115];
[0.262371, -0.941332, 0.212263];
[0.269936, -0.932356, 0.240515];
[0.278920, -0.922950, 0.265268];
[0.289416, -0.913524, 0.285853];
[0.301511, -0.904534, 0.301511];
[0.301511, -0.904534, -0.301511];
[0.302764, -0.909378, -0.285248];
[0.304370, -0.915170, -0.264240];
[0.306167, -0.921427, -0.239234];
[0.308013, -0.927716, -0.210883];
[0.309781, -0.933659, -0.179768];
[0.311368, -0.938942, -0.146414];
[0.312689, -0.943311, -0.111310];
[0.313678, -0.946569, -0.074915];
[0.314290, -0.948579, -0.037669];
[0.314497, -0.949258, 0.000000];
[0.314290, -0.948579, 0.037669];
[0.313678, -0.946569, 0.074915];
[0.312689, -0.943311, 0.111310];
[0.311368, -0.938942, 0.146414];
[0.309781, -0.933659, 0.179768];
[0.308013, -0.927716, 0.210883];
[0.306167, -0.921427, 0.239234];
[0.304370, -0.915170, 0.264240];
[0.302764, -0.909378, 0.285248];
[0.301511, -0.904534, 0.301511];
[0.301511, -0.904534, -0.301511];
[0.315967, -0.904701, -0.285798];
[0.329464, -0.906166, -0.265174];
[0.341800, -0.908505, -0.240397];
[0.352807, -0.911332, -0.212136];
[0.362343, -0.914303, -0.180991];
[0.370295, -0.917127, -0.147509];
[0.376572, -0.919568, -0.112199];
[0.381104, -0.921441, -0.075540];
[0.383843, -0.922617, -0.037991];
[0.384759, -0.923017, 0.000000];
[0.383843, -0.922617, 0.037991];
[0.381104, -0.921441, 0.075540];
[0.376572, -0.919568, 0.112199];
[0.370295, -0.917127, 0.147509];
[0.362343, -0.914303, 0.180991];
[0.352807, -0.911332, 0.212136];
[0.341800, -0.908505, 0.240397];
[0.329464, -0.906166, 0.265174];
[0.315967, -0.904701, 0.285798];
[0.301511, -0.904534, 0.301511];
[0.301511, -0.904534, -0.301511];
[0.327887, -0.899918, -0.287469];
[0.352290, -0.896687, -0.268038];
[0.374414, -0.894585, -0.243991];
[0.394014, -0.893355, -0.216034];
[0.410895, -0.892753, -0.184819];
[0.424901, -0.892565, -0.150952];
[0.435914, -0.892610, -0.115002];
[0.443843, -0.892746, -0.077514];
[0.448624, -0.892869, -0.039010];
[0.450222, -0.892916, 0.000000];
[0.448624, -0.892869, 0.039010];
[0.443843, -0.892746, 0.077514];
[0.435914, -0.892610, 0.115002];
[0.424901, -0.892565, 0.150952];
[0.410895, -0.892753, 0.184819];
[0.394014, -0.893355, 0.216034];
[0.374414, -0.894585, 0.243991];
[0.352290, -0.896687, 0.268038];
[0.327887, -0.899918, 0.287469];
[0.301511, -0.904534, 0.301511];
[0.301511, -0.904534, -0.301511];
[0.337473, -0.895502, -0.290150];
[0.371038, -0.887666, -0.272726];
[0.401681, -0.881004, -0.249970];
[0.428978, -0.875456, -0.222608];
[0.452588, -0.870948, -0.191347];
[0.472243, -0.867397, -0.156875];
[0.487734, -0.864725, -0.119859];
[0.498905, -0.862868, -0.080950];
[0.505650, -0.861774, -0.040787];
[0.507905, -0.861413, 0.000000];
[0.505650, -0.861774, 0.040787];
[0.498905, -0.862868, 0.080950];
[0.487734, -0.864725, 0.119859];
[0.472243, -0.867397, 0.156875];
[0.452588, -0.870948, 0.191347];
[0.428978, -0.875456, 0.222608];
[0.401681, -0.881004, 0.249970];
[0.371038, -0.887666, 0.272726];
[0.337473, -0.895502, 0.290150];
[0.301511, -0.904534, 0.301511];
[0.301511, -0.904534, -0.301511];
[0.343823, -0.891938, -0.293652];
[0.384042, -0.880146, -0.279023];
[0.421350, -0.869365, -0.258203];
[0.455037, -0.859759, -0.231853];
[0.484508, -0.851455, -0.200690];
[0.509268, -0.844550, -0.165471];
[0.528924, -0.839115, -0.126983];
[0.543175, -0.835201, -0.086030];
[0.551808, -0.832839, -0.043428];
[0.554700, -0.832050, 0.000000];
[0.551808, -0.832839, 0.043428];
[0.543175, -0.835201, 0.086030];
[0.528924, -0.839115, 0.126983];
[0.509268, -0.844550, 0.165471];
[0.484508, -0.851455, 0.200690];
[0.455037, -0.859759, 0.231853];
[0.421350, -0.869365, 0.258203];
[0.384042, -0.880146, 0.279023];
[0.343823, -0.891938, 0.293652];
[0.301511, -0.904534, 0.301511];
[0.301511, -0.904534, -0.301511];
[0.346251, -0.889655, -0.297698];
[0.389860, -0.875152, -0.286561];
[0.431268, -0.861382, -0.268383];
[0.469460, -0.848681, -0.243616];
[0.503501, -0.837360, -0.212872];
[0.532561, -0.827696, -0.176912];
[0.555931, -0.819924, -0.136618];
[0.573043, -0.814234, -0.092979];
[0.583479, -0.810763, -0.047065];
[0.586986, -0.809597, 0.000000];
[0.583479, -0.810763, 0.047065];
[0.573043, -0.814234, 0.092979];
[0.555931, -0.819924, 0.136618];
[0.532561, -0.827696, 0.176912];
[0.503501, -0.837360, 0.212872];
[0.469460, -0.848681, 0.243616];
[0.431268, -0.861382, 0.268383];
[0.389860, -0.875152, 0.286561];
[0.346251, -0.889655, 0.297698];
[0.301511, -0.904534, 0.301511];
[0.301511, -0.904534, -0.301511];
[0.344376, -0.888958, -0.301925];
[0.387419, -0.873510, -0.294766];
[0.429517, -0.858587, -0.279899];
[0.469473, -0.844593, -0.257407];
[0.506055, -0.831924, -0.227621];
[0.538045, -0.820957, -0.191147];
[0.564305, -0.812032, -0.148875];
[0.583845, -0.805437, -0.101964];
[0.595896, -0.801388, -0.051815];
[0.599969, -0.800023, 0.000000];
[0.595896, -0.801388, 0.051815];
[0.583845, -0.805437, 0.101964];
[0.564305, -0.812032, 0.148875];
[0.538045, -0.820957, 0.191147];
[0.506055, -0.831924, 0.227621];
[0.469473, -0.844593, 0.257407];
[0.429517, -0.858587, 0.279899];
[0.387419, -0.873510, 0.294766];
[0.344376, -0.888958, 0.301925];
[0.301511, -0.904534, 0.301511];
[0.301511, -0.904534, -0.301511];
[0.338200, -0.889967, -0.305908];
[0.376247, -0.875633, -0.302828];
[0.414748, -0.861913, -0.291703];
[0.452594, -0.849177, -0.272136];
[0.488470, -0.837774, -0.243991];
[0.520897, -0.828015, -0.207502];
[0.548314, -0.820160, -0.163369];
[0.569215, -0.814410, -0.112826];
[0.582331, -0.810906, -0.057636];
[0.586803, -0.809729, 0.000000];
[0.582331, -0.810906, 0.057636];
[0.569215, -0.814410, 0.112826];
[0.548314, -0.820160, 0.163369];
[0.520897, -0.828015, 0.207502];
[0.488470, -0.837774, 0.243991];
[0.452594, -0.849177, 0.272136];
[0.414748, -0.861913, 0.291703];
[0.376247, -0.875633, 0.302828];
[0.338200, -0.889967, 0.305908];
[0.301511, -0.904534, 0.301511];
[0.301511, -0.904534, -0.301511];
[0.328184, -0.892577, -0.309196];
[0.356786, -0.881341, -0.309746];
[0.386818, -0.871214, -0.302254];
[0.417532, -0.862524, -0.285867];
[0.447871, -0.855490, -0.259902];
[0.476438, -0.850186, -0.224034];
[0.501530, -0.846518, -0.178533];
[0.521293, -0.844247, -0.124499];
[0.533994, -0.843063, -0.064001];
[0.538380, -0.842702, 0.000000];
[0.533994, -0.843063, 0.064001];
[0.521293, -0.844247, 0.124499];
[0.501530, -0.846518, 0.178533];
[0.476438, -0.850186, 0.224034];
[0.447871, -0.855490, 0.259902];
[0.417532, -0.862524, 0.285867];
[0.386818, -0.871214, 0.302254];
[0.356786, -0.881341, 0.309746];
[0.328184, -0.892577, 0.309196];
[0.301511, -0.904534, 0.301511];
[0.301511, -0.904534, -0.301511];
[0.315262, -0.896467, -0.311380];
[0.330664, -0.889811, -0.314480];
[0.347607, -0.885010, -0.309720];
[0.365800, -0.882389, -0.295939];
[0.384691, -0.882054, -0.272017];
[0.403373, -0.883784, -0.237097];
[0.420556, -0.886949, -0.190928];
[0.434632, -0.890537, -0.134309];
[0.443946, -0.893358, -0.069448];
[0.447214, -0.894427, 0.000000];
[0.443946, -0.893358, 0.069448];
[0.434632, -0.890537, 0.134309];
[0.420556, -0.886949, 0.190928];
[0.403373, -0.883784, 0.237097];
[0.384691, -0.882054, 0.272017];
[0.365800, -0.882389, 0.295939];
[0.347607, -0.885010, 0.309720];
[0.330664, -0.889811, 0.314480];
[0.315262, -0.896467, 0.311380];
[0.301511, -0.904534, 0.301511];
[0.301511, -0.904534, -0.301511];
[0.300781, -0.901156, -0.312168];
[0.300741, -0.899756, -0.316218];
[0.301536, -0.900784, -0.312513];
[0.303251, -0.904525, -0.299788];
[0.305868, -0.910962, -0.276755];
[0.309203, -0.919604, -0.242327];
[0.312863, -0.929354, -0.196004];
[0.316250, -0.938526, -0.138402];
[0.318673, -0.945145, -0.071751];
[0.319556, -0.947567, 0.000000];
[0.318673, -0.945145, 0.071751];
[0.316250, -0.938526, 0.138402];
[0.312863, -0.929354, 0.196004];
[0.309203, -0.919604, 0.242327];
[0.305868, -0.910962, 0.276755];
[0.303251, -0.904525, 0.299788];
[0.301536, -0.900784, 0.312513];
[0.300741, -0.899756, 0.316218];
[0.300781, -0.901156, 0.312168];
[0.301511, -0.904534, 0.301511];
[0.301511, -0.904534, -0.301511];
[0.286339, -0.906095, -0.311452];
[0.270739, -0.909782, -0.314638];
[0.255056, -0.915895, -0.309972];
[0.239699, -0.924532, -0.296285];
[0.225153, -0.935458, -0.272441];
[0.211972, -0.947962, -0.237561];
[0.200772, -0.960763, -0.191376];
[0.192178, -0.972076, -0.134668];
[0.186754, -0.979935, -0.069650];
[0.184897, -0.982758, 0.000000];
[0.186754, -0.979935, 0.069650];
[0.192178, -0.972076, 0.134668];
[0.200772, -0.960763, 0.191376];
[0.211972, -0.947962, 0.237561];
[0.225153, -0.935458, 0.272441];
[0.239699, -0.924532, 0.296285];
[0.255056, -0.915895, 0.309972];
[0.270739, -0.909782, 0.314638];
[0.286339, -0.906095, 0.311452];
[0.301511, -0.904534, 0.301511];
[0.301511, -0.904534, -0.301511];
[0.273550, -0.910761, -0.309330];
[0.244491, -0.918751, -0.310032];
[0.214951, -0.928530, -0.302701];
[0.185708, -0.939922, -0.286461];
[0.157718, -0.952476, -0.260606];
[0.132123, -0.965410, -0.224781];
[0.110210, -0.977614, -0.179232];
[0.093305, -0.987754, -0.125045];
[0.082597, -0.994506, -0.064302];
[0.078926, -0.996880, 0.000000];
[0.082597, -0.994506, 0.064302];
[0.093305, -0.987754, 0.125045];
[0.110210, -0.977614, 0.179232];
[0.132123, -0.965410, 0.224781];
[0.157718, -0.952476, 0.260606];
[0.185708, -0.939922, 0.286461];
[0.214951, -0.928530, 0.302701];
[0.244491, -0.918751, 0.310032];
[0.273550, -0.910761, 0.309330];
[0.301511, -0.904534, 0.301511];
[0.301511, -0.904534, -0.301511];
[0.263796, -0.914726, -0.306087];
[0.225107, -0.925958, -0.303197];
[0.186383, -0.938002, -0.292256];
[0.148722, -0.950494, -0.272841];
[0.113378, -0.962924, -0.244793];
[0.081721, -0.974641, -0.208320];
[0.055162, -0.984899, -0.164106];
[0.035038, -0.992933, -0.113385];
[0.022464, -0.998067, -0.057939];
[0.018185, -0.999835, 0.000000];
[0.022464, -0.998067, 0.057939];
[0.035038, -0.992933, 0.113385];
[0.055162, -0.984899, 0.164106];
[0.081721, -0.974641, 0.208320];
[0.113378, -0.962924, 0.244793];
[0.148722, -0.950494, 0.272841];
[0.186383, -0.938002, 0.292256];
[0.225107, -0.925958, 0.303197];
[0.263796, -0.914726, 0.306087];
[0.301511, -0.904534, 0.301511];
[0.301511, -0.904534, -0.301511];
[0.258041, -0.917679, -0.302127];
[0.214451, -0.931068, -0.295166];
[0.171874, -0.944348, -0.280474];
[0.131513, -0.957123, -0.258109];
[0.094601, -0.968963, -0.228387];
[0.062352, -0.979432, -0.191899];
[0.035899, -0.988105, -0.149530];
[0.016226, -0.994606, -0.102450];
[0.004098, -0.998635, -0.052074];
[0.000000, -1.000000, 0.000000];
[0.004098, -0.998635, 0.052074];
[0.016226, -0.994606, 0.102450];
[0.035899, -0.988105, 0.149530];
[0.062352, -0.979432, 0.191899];
[0.094601, -0.968963, 0.228387];
[0.131513, -0.957123, 0.258109];
[0.171874, -0.944348, 0.280474];
[0.214451, -0.931068, 0.295166];
[0.258041, -0.917679, 0.302127];
[0.301511, -0.904534, 0.301511];
[0.700140, 0.700140, -0.140028];
[0.688882, 0.711131, -0.140475];
[0.677722, 0.722367, -0.137402];
[0.666945, 0.733550, -0.130720];
[0.656843, 0.744346, -0.120438];
[0.647701, 0.754388, -0.106687];
[0.639790, 0.763294, -0.089731];
[0.633354, 0.770692, -0.069977];
[0.628598, 0.776249, -0.047975];
[0.625679, 0.779699, -0.024394];
[0.624695, 0.780869, 0.000000];
[0.625679, 0.779699, 0.024394];
[0.628598, 0.776249, 0.047975];
[0.633354, 0.770692, 0.069977];
[0.639790, 0.763294, 0.089731];
[0.647701, 0.754388, 0.106687];
[0.656843, 0.744346, 0.120438];
[0.666945, 0.733550, 0.130720];
[0.677722, 0.722367, 0.137402];
[0.688882, 0.711131, 0.140475];
[0.700140, 0.700140, 0.140028];
[0.700140, 0.700140, -0.140028];
[0.692828, 0.707172, -0.141057];
[0.685682, 0.714590, -0.138569];
[0.678887, 0.722204, -0.132413];
[0.672618, 0.729775, -0.122531];
[0.667034, 0.737012, -0.108992];
[0.662276, 0.743589, -0.092015];
[0.658458, 0.749167, -0.071987];
[0.655669, 0.753426, -0.049472];
[0.653972, 0.756100, -0.025194];
[0.653402, 0.757011, 0.000000];
[0.653972, 0.756100, 0.025194];
[0.655669, 0.753426, 0.049472];
[0.658458, 0.749167, 0.071987];
[0.662276, 0.743589, 0.092015];
[0.667034, 0.737012, 0.108992];
[0.672618, 0.729775, 0.122531];
[0.678887, 0.722204, 0.132413];
[0.685682, 0.714590, 0.138569];
[0.692828, 0.707172, 0.141057];
[0.700140, 0.700140, 0.140028];
[0.700140, 0.700140, -0.140028];
[0.697525, 0.702478, -0.141366];
[0.695202, 0.705208, -0.139195];
[0.693239, 0.708268, -0.133330];
[0.691668, 0.711547, -0.123677];
[0.690492, 0.714886, -0.110266];
[0.689677, 0.718083, -0.093288];
[0.689162, 0.720909, -0.073116];
[0.688873, 0.723133, -0.050318];
[0.688735, 0.724559, -0.025647];
[0.688696, 0.725050, 0.000000];
[0.688735, 0.724559, 0.025647];
[0.688873, 0.723133, 0.050318];
[0.689162, 0.720909, 0.073116];
[0.689677, 0.718083, 0.093288];
[0.690492, 0.714886, 0.110266];
[0.691668, 0.711547, 0.123677];
[0.693239, 0.708268, 0.133330];
[0.695202, 0.705208, 0.139195];
[0.697525, 0.702478, 0.141366];
[0.700140, 0.700140, 0.140028];
[0.700140, 0.700140, -0.140028];
[0.702478, 0.697525, -0.141366];
[0.705208, 0.695202, -0.139195];
[0.708268, 0.693239, -0.133330];
[0.711547, 0.691668, -0.123677];
[0.714886, 0.690492, -0.110266];
[0.718083, 0.689677, -0.093288];
[0.720909, 0.689162, -0.073116];
[0.723133, 0.688873, -0.050318];
[0.724559, 0.688735, -0.025647];
[0.725050, 0.688696, 0.000000];
[0.724559, 0.688735, 0.025647];
[0.723133, 0.688873, 0.050318];
[0.720909, 0.689162, 0.073116];
[0.718083, 0.689677, 0.093288];
[0.714886, 0.690492, 0.110266];
[0.711547, 0.691668, 0.123677];
[0.708268, 0.693239, 0.133330];
[0.705208, 0.695202, 0.139195];
[0.702478, 0.697525, 0.141366];
[0.700140, 0.700140, 0.140028];
[0.700140, 0.700140, -0.140028];
[0.707172, 0.692828, -0.141057];
[0.714590, 0.685682, -0.138569];
[0.722204, 0.678887, -0.132413];
[0.729775, 0.672618, -0.122531];
[0.737012, 0.667034, -0.108992];
[0.743589, 0.662276, -0.092015];
[0.749167, 0.658458, -0.071987];
[0.753426, 0.655669, -0.049472];
[0.756100, 0.653972, -0.025194];
[0.757011, 0.653402, 0.000000];
[0.756100, 0.653972, 0.025194];
[0.753426, 0.655669, 0.049472];
[0.749167, 0.658458, 0.071987];
[0.743589, 0.662276, 0.092015];
[0.737012, 0.667034, 0.108992];
[0.729775, 0.672618, 0.122531];
[0.722204, 0.678887, 0.132413];
[0.714590, 0.685682, 0.138569];
[0.707172, 0.692828, 0.141057];
[0.700140, 0.700140, 0.140028];
[0.700140, 0.700140, -0.140028];
[0.711131, 0.688882, -0.140475];
[0.722367, 0.677722, -0.137402];
[0.733550, 0.666945, -0.130720];
[0.744346, 0.656843, -0.120438];
[0.754388, 0.647701, -0.106687];
[0.763294, 0.639790, -0.089731];
[0.770692, 0.633354, -0.069977];
[0.776249, 0.628598, -0.047975];
[0.779699, 0.625679, -0.024394];
[0.780869, 0.624695, 0.000000];
[0.779699, 0.625679, 0.024394];
[0.776249, 0.628598, 0.047975];
[0.770692, 0.633354, 0.069977];
[0.763294, 0.639790, 0.089731];
[0.754388, 0.647701, 0.106687];
[0.744346, 0.656843, 0.120438];
[0.733550, 0.666945, 0.130720];
[0.722367, 0.677722, 0.137402];
[0.711131, 0.688882, 0.140475];
[0.700140, 0.700140, 0.140028];
[0.700140, 0.700140, -0.140028];
[0.713974, 0.686096, -0.139686];
[0.727809, 0.672191, -0.135843];
[0.741279, 0.658783, -0.128492];
[0.754007, 0.646231, -0.117724];
[0.765608, 0.634888, -0.103740];
[0.775709, 0.625086, -0.086848];
[0.783971, 0.617121, -0.067468];
[0.790099, 0.611241, -0.046120];
[0.793871, 0.607635, -0.023409];
[0.795144, 0.606420, 0.000000];
[0.793871, 0.607635, 0.023409];
[0.790099, 0.611241, 0.046120];
[0.783971, 0.617121, 0.067468];
[0.775709, 0.625086, 0.086848];
[0.765608, 0.634888, 0.103740];
[0.754007, 0.646231, 0.117724];
[0.741279, 0.658783, 0.128492];
[0.727809, 0.672191, 0.135843];
[0.713974, 0.686096, 0.139686];
[0.700140, 0.700140, 0.140028];
[0.700140, 0.700140, -0.140028];
[0.715447, 0.684746, -0.138776];
[0.730487, 0.669636, -0.134076];
[0.744877, 0.655193, -0.126013];
[0.758248, 0.641788, -0.114757];
[0.770244, 0.629769, -0.100569];
[0.780546, 0.619457, -0.083790];
[0.788871, 0.611129, -0.064837];
[0.794990, 0.605011, -0.044192];
[0.798731, 0.601271, -0.022390];
[0.799990, 0.600013, 0.000000];
[0.798731, 0.601271, 0.022390];
[0.794990, 0.605011, 0.044192];
[0.788871, 0.611129, 0.064837];
[0.780546, 0.619457, 0.083790];
[0.770244, 0.629769, 0.100569];
[0.758248, 0.641788, 0.114757];
[0.744877, 0.655193, 0.126013];
[0.730487, 0.669636, 0.134076];
[0.715447, 0.684746, 0.138776];
[0.700140, 0.700140, 0.140028];
[0.700140, 0.700140, -0.140028];
[0.715438, 0.684944, -0.137837];
[0.730269, 0.670229, -0.132291];
[0.744277, 0.656342, -0.123555];
[0.757136, 0.643608, -0.111868];
[0.768547, 0.632316, -0.097530];
[0.778251, 0.622720, -0.080899];
[0.786031, 0.615031, -0.062377];
[0.791714, 0.609418, -0.042405];
[0.795174, 0.606001, -0.021451];
[0.796336, 0.604854, 0.000000];
[0.795174, 0.606001, 0.021451];
[0.791714, 0.609418, 0.042405];
[0.786031, 0.615031, 0.062377];
[0.778251, 0.622720, 0.080899];
[0.768547, 0.632316, 0.097530];
[0.757136, 0.643608, 0.111868];
[0.744277, 0.656342, 0.123555];
[0.730269, 0.670229, 0.132291];
[0.715438, 0.684944, 0.137837];
[0.700140, 0.700140, 0.140028];
[0.700140, 0.700140, -0.140028];
[0.713977, 0.686643, -0.136962];
[0.727282, 0.673788, -0.130657];
[0.739754, 0.661845, -0.121346];
[0.751124, 0.651048, -0.109313];
[0.761153, 0.641595, -0.094882];
[0.769638, 0.633648, -0.078410];
[0.776412, 0.627336, -0.060280];
[0.781344, 0.622759, -0.040892];
[0.784341, 0.619986, -0.020658];
[0.785346, 0.619057, 0.000000];
[0.784341, 0.619986, 0.020658];
[0.781344, 0.622759, 0.040892];
[0.776412, 0.627336, 0.060280];
[0.769638, 0.633648, 0.078410];
[0.761153, 0.641595, 0.094882];
[0.751124, 0.651048, 0.109313];
[0.739754, 0.661845, 0.121346];
[0.727282, 0.673788, 0.130657];
[0.713977, 0.686643, 0.136962];
[0.700140, 0.700140, 0.140028];
[0.700140, 0.700140, -0.140028];
[0.711220, 0.689643, -0.136230];
[0.721863, 0.679846, -0.129314];
[0.731833, 0.670915, -0.119558];
[0.740915, 0.662977, -0.107272];
[0.748921, 0.656130, -0.092791];
[0.755692, 0.650448, -0.076465];
[0.761096, 0.645982, -0.058654];
[0.765030, 0.642768, -0.039725];
[0.767420, 0.640831, -0.020050];
[0.768221, 0.640184, 0.000000];
[0.767420, 0.640831, 0.020050];
[0.765030, 0.642768, 0.039725];
[0.761096, 0.645982, 0.058654];
[0.755692, 0.650448, 0.076465];
[0.748921, 0.656130, 0.092791];
[0.740915, 0.662977, 0.107272];
[0.731833, 0.670915, 0.119558];
[0.721863, 0.679846, 0.129314];
[0.711220, 0.689643, 0.136230];
[0.700140, 0.700140, 0.140028];
[0.700140, 0.700140, -0.140028];
[0.707431, 0.693632, -0.135706];
[0.714518, 0.687740, -0.128364];
[0.721225, 0.682523, -0.118307];
[0.727390, 0.678010, -0.105859];
[0.732866, 0.674212, -0.091356];
[0.737526, 0.671126, -0.075139];
[0.741262, 0.668743, -0.057551];
[0.743993, 0.667052, -0.038937];
[0.745655, 0.666043, -0.019640];
[0.746213, 0.665707, 0.000000];
[0.745655, 0.666043, 0.019640];
[0.743993, 0.667052, 0.038937];
[0.741262, 0.668743, 0.057551];
[0.737526, 0.671126, 0.075139];
[0.732866, 0.674212, 0.091356];
[0.727390, 0.678010, 0.105859];
[0.721225, 0.682523, 0.118307];
[0.714518, 0.687740, 0.128364];
[0.707431, 0.693632, 0.135706];
[0.700140, 0.700140, 0.140028];
[0.700140, 0.700140, -0.140028];
[0.702961, 0.698215, -0.135433];
[0.705883, 0.696691, -0.127873];
[0.708795, 0.695532, -0.117665];
[0.711587, 0.694687, -0.105138];
[0.714150, 0.694101, -0.090627];
[0.716390, 0.693714, -0.074469];
[0.718222, 0.693475, -0.056996];
[0.719581, 0.693338, -0.038542];
[0.720416, 0.693270, -0.019434];
[0.720697, 0.693250, 0.000000];
[0.720416, 0.693270, 0.019434];
[0.719581, 0.693338, 0.038542];
[0.718222, 0.693475, 0.056996];
[0.716390, 0.693714, 0.074469];
[0.714150, 0.694101, 0.090627];
[0.711587, 0.694687, 0.105138];
[0.708795, 0.695532, 0.117665];
[0.705883, 0.696691, 0.127873];
[0.702961, 0.698215, 0.135433];
[0.700140, 0.700140, 0.140028];
[0.700140, 0.700140, -0.140028];
[0.698215, 0.702961, -0.135433];
[0.696691, 0.705883, -0.127873];
[0.695532, 0.708795, -0.117665];
[0.694687, 0.711587, -0.105138];
[0.694101, 0.714150, -0.090627];
[0.693714, 0.716390, -0.074469];
[0.693475, 0.718222, -0.056996];
[0.693338, 0.719581, -0.038542];
[0.693270, 0.720416, -0.019434];
[0.693250, 0.720697, 0.000000];
[0.693270, 0.720416, 0.019434];
[0.693338, 0.719581, 0.038542];
[0.693475, 0.718222, 0.056996];
[0.693714, 0.716390, 0.074469];
[0.694101, 0.714150, 0.090627];
[0.694687, 0.711587, 0.105138];
[0.695532, 0.708795, 0.117665];
[0.696691, 0.705883, 0.127873];
[0.698215, 0.702961, 0.135433];
[0.700140, 0.700140, 0.140028];
[0.700140, 0.700140, -0.140028];
[0.693632, 0.707431, -0.135706];
[0.687740, 0.714518, -0.128364];
[0.682523, 0.721225, -0.118307];
[0.678010, 0.727390, -0.105859];
[0.674212, 0.732866, -0.091356];
[0.671126, 0.737526, -0.075139];
[0.668743, 0.741262, -0.057551];
[0.667052, 0.743993, -0.038937];
[0.666043, 0.745655, -0.019640];
[0.665707, 0.746213, 0.000000];
[0.666043, 0.745655, 0.019640];
[0.667052, 0.743993, 0.038937];
[0.668743, 0.741262, 0.057551];
[0.671126, 0.737526, 0.075139];
[0.674212, 0.732866, 0.091356];
[0.678010, 0.727390, 0.105859];
[0.682523, 0.721225, 0.118307];
[0.687740, 0.714518, 0.128364];
[0.693632, 0.707431, 0.135706];
[0.700140, 0.700140, 0.140028];
[0.700140, 0.700140, -0.140028];
[0.689643, 0.711220, -0.136230];
[0.679846, 0.721863, -0.129314];
[0.670915, 0.731833, -0.119558];
[0.662977, 0.740915, -0.107272];
[0.656130, 0.748921, -0.092791];
[0.650448, 0.755692, -0.076465];
[0.645982, 0.761096, -0.058654];
[0.642768, 0.765030, -0.039725];
[0.640831, 0.767420, -0.020050];
[0.640184, 0.768221, 0.000000];
[0.640831, 0.767420, 0.020050];
[0.642768, 0.765030, 0.039725];
[0.645982, 0.761096, 0.058654];
[0.650448, 0.755692, 0.076465];
[0.656130, 0.748921, 0.092791];
[0.662977, 0.740915, 0.107272];
[0.670915, 0.731833, 0.119558];
[0.679846, 0.721863, 0.129314];
[0.689643, 0.711220, 0.136230];
[0.700140, 0.700140, 0.140028];
[0.700140, 0.700140, -0.140028];
[0.686643, 0.713977, -0.136962];
[0.673788, 0.727282, -0.130657];
[0.661845, 0.739754, -0.121346];
[0.651048, 0.751124, -0.109313];
[0.641595, 0.761153, -0.094882];
[0.633648, 0.769638, -0.078410];
[0.627336, 0.776412, -0.060280];
[0.622759, 0.781344, -0.040892];
[0.619986, 0.784341, -0.020658];
[0.619057, 0.785346, 0.000000];
[0.619986, 0.784341, 0.020658];
[0.622759, 0.781344, 0.040892];
[0.627336, 0.776412, 0.060280];
[0.633648, 0.769638, 0.078410];
[0.641595, 0.761153, 0.094882];
[0.651048, 0.751124, 0.109313];
[0.661845, 0.739754, 0.121346];
[0.673788, 0.727282, 0.130657];
[0.686643, 0.713977, 0.136962];
[0.700140, 0.700140, 0.140028];
[0.700140, 0.700140, -0.140028];
[0.684944, 0.715438, -0.137837];
[0.670229, 0.730269, -0.132291];
[0.656342, 0.744277, -0.123555];
[0.643608, 0.757136, -0.111868];
[0.632316, 0.768547, -0.097530];
[0.622720, 0.778251, -0.080899];
[0.615031, 0.786031, -0.062377];
[0.609418, 0.791714, -0.042405];
[0.606001, 0.795174, -0.021451];
[0.604854, 0.796336, 0.000000];
[0.606001, 0.795174, 0.021451];
[0.609418, 0.791714, 0.042405];
[0.615031, 0.786031, 0.062377];
[0.622720, 0.778251, 0.080899];
[0.632316, 0.768547, 0.097530];
[0.643608, 0.757136, 0.111868];
[0.656342, 0.744277, 0.123555];
[0.670229, 0.730269, 0.132291];
[0.684944, 0.715438, 0.137837];
[0.700140, 0.700140, 0.140028];
[0.700140, 0.700140, -0.140028];
[0.684746, 0.715447, -0.138776];
[0.669636, 0.730487, -0.134076];
[0.655193, 0.744877, -0.126013];
[0.641788, 0.758248, -0.114757];
[0.629769, 0.770244, -0.100569];
[0.619457, 0.780546, -0.083790];
[0.611129, 0.788871, -0.064837];
[0.605011, 0.794990, -0.044192];
[0.601271, 0.798731, -0.022390];
[0.600013, 0.799990, 0.000000];
[0.601271, 0.798731, 0.022390];
[0.605011, 0.794990, 0.044192];
[0.611129, 0.788871, 0.064837];
[0.619457, 0.780546, 0.083790];
[0.629769, 0.770244, 0.100569];
[0.641788, 0.758248, 0.114757];
[0.655193, 0.744877, 0.126013];
[0.669636, 0.730487, 0.134076];
[0.684746, 0.715447, 0.138776];
[0.700140, 0.700140, 0.140028];
[0.700140, 0.700140, -0.140028];
[0.686096, 0.713974, -0.139686];
[0.672191, 0.727809, -0.135843];
[0.658783, 0.741279, -0.128492];
[0.646231, 0.754007, -0.117724];
[0.634888, 0.765608, -0.103740];
[0.625086, 0.775709, -0.086848];
[0.617121, 0.783971, -0.067468];
[0.611241, 0.790099, -0.046120];
[0.607635, 0.793871, -0.023409];
[0.606420, 0.795144, 0.000000];
[0.607635, 0.793871, 0.023409];
[0.611241, 0.790099, 0.046120];
[0.617121, 0.783971, 0.067468];
[0.625086, 0.775709, 0.086848];
[0.634888, 0.765608, 0.103740];
[0.646231, 0.754007, 0.117724];
[0.658783, 0.741279, 0.128492];
[0.672191, 0.727809, 0.135843];
[0.686096, 0.713974, 0.139686];
[0.700140, 0.700140, 0.140028];
[0.700140, 0.700140, -0.140028];
[0.688882, 0.711131, -0.140475];
[0.677722, 0.722367, -0.137402];
[0.666945, 0.733550, -0.130720];
[0.656843, 0.744346, -0.120438];
[0.647701, 0.754388, -0.106687];
[0.639790, 0.763294, -0.089731];
[0.633354, 0.770692, -0.069977];
[0.628598, 0.776249, -0.047975];
[0.625679, 0.779699, -0.024394];
[0.624695, 0.780869, 0.000000];
[0.625679, 0.779699, 0.024394];
[0.628598, 0.776249, 0.047975];
[0.633354, 0.770692, 0.069977];
[0.639790, 0.763294, 0.089731];
[0.647701, 0.754388, 0.106687];
[0.656843, 0.744346, 0.120438];
[0.666945, 0.733550, 0.130720];
[0.677722, 0.722367, 0.137402];
[0.688882, 0.711131, 0.140475];
[0.700140, 0.700140, 0.140028]];
