[[-0.301511, 0.904534, -0.301511];
[-0.343823, 0.891938, -0.293652];
[-0.384042, 0.880146, -0.279023];
[-0.421350, 0.869365, -0.258203];
[-0.455037, 0.859759, -0.231853];
[-0.484508, 0.851455, -0.200690];
[-0.509268, 0.844550, -0.165471];
[-0.528924, 0.839115, -0.126983];
[-0.543175, 0.835201, -0.086030];
[-0.551808, 0.832839, -0.043428];
[-0.554700, 0.832050, 0.000000];
[-0.551808, 0.832839, 0.043428];
[-0.543175, 0.835201, 0.086030];
[-0.528924, 0.839115, 0.126983];
[-0.509268, 0.844550, 0.165471];
[-0.484508, 0.851455, 0.200690];
[-0.455037, 0.859759, 0.231853];
[-0.421350, 0.869365, 0.258203];
[-0.384042, 0.880146, 0.279023];
[-0.343823, 0.891938, 0.293652];
[-0.301511, 0.904534, 0.301511];
[-0.301511, 0.904534, -0.301511];
[-0.346251, 0.889655, -0.297698];
[-0.389860, 0.875152, -0.286561];
[-0.431268, 0.861382, -0.268383];
[-0.469460, 0.848681, -0.243616];
[-0.503501, 0.837360, -0.212872];
[-0.532561, 0.827696, -0.176912];
[-0.555931, 0.819924, -0.136618];
[-0.573043, 0.814234, -0.092979];
[-0.583479, 0.810763, -0.047065];
[-0.586986, 0.809597, 0.000000];
[-0.583479, 0.810763, 0.047065];
[-0.573043, 0.814234, 0.092979];
[-0.555931, 0.819924, 0.136618];
[-0.532561, 0.827696, 0.176912];
[-0.503501, 0.837360, 0.212872];
[-0.469460, 0.848681, 0.243616];
[-0.431268, 0.861382, 0.268383];
[-0.389860, 0.875152, 0.286561];
[-0.346251, 0.889655, 0.297698];
[-0.301511, 0.904534, 0.301511];
[-0.301511, 0.904534, -0.301511];
[-0.344376, 0.888958, -0.301925];
[-0.387419, 0.873510, -0.294766];
[-0.429517, 0.858587, -0.279899];
[-0.469473, 0.844593, -0.257407];
[-0.506055, 0.831924, -0.227621];
[-0.538045, 0.820957, -0.191147];
[-0.564305, 0.812032, -0.148875];
[-0.583845, 0.805437, -0.101964];
[-0.595896, 0.801388, -0.051815];
[-0.599969, 0.800023, 0.000000];
[-0.595896, 0.801388, 0.051815];
[-0.583845, 0.805437, 0.101964];
[-0.564305, 0.812032, 0.148875];
[-0.538045, 0.820957, 0.191147];
[-0.506055, 0.831924, 0.227621];
[-0.469473, 0.844593, 0.257407];
[-0.429517, 0.858587, 0.279899];
[-0.387419, 0.873510, 0.294766];
[-0.344376, 0.888958, 0.301925];
[-0.301511, 0.904534, 0.301511];
[-0.301511, 0.904534, -0.301511];
[-0.338200, 0.889967, -0.305908];
[-0.376247, 0.875633, -0.302828];
[-0.414748, 0.861913, -0.291703];
[-0.452594, 0.849177, -0.272136];
[-0.488470, 0.837774, -0.243991];
[-0.520897, 0.828015, -0.207502];
[-0.548314, 0.820160, -0.163369];
[-0.569215, 0.814410, -0.112826];
[-0.582331, 0.810906, -0.057636];
[-0.586803, 0.809729, 0.000000];
[-0.582331, 0.810906, 0.057636];
[-0.569215, 0.814410, 0.112826];
[-0.548314, 0.820160, 0.163369];
[-0.520897, 0.828015, 0.207502];
[-0.488470, 0.837774, 0.243991];
[-0.452594, 0.849177, 0.272136];
[-0.414748, 0.861913, 0.291703];
[-0.376247, 0.875633, 0.302828];
[-0.338200, 0.889967, 0.305908];
[-0.301511, 0.904534, 0.301511];
[-0.301511, 0.904534, -0.301511];
[-0.328184, 0.892577, -0.309196];
[-0.356786, 0.881341, -0.309746];
[-0.386818, 0.871214, -0.302254];
[-0.417532, 0.862524, -0.285867];
[-0.447871, 0.855490, -0.259902];
[-0.476438, 0.850186, -0.224034];
[-0.501530, 0.846518, -0.178533];
[-0.521293, 0.844247, -0.124499];
[-0.533994, 0.843063, -0.064001];
[-0.538380, 0.842702, 0.000000];
[-0.533994, 0.843063, 0.064001];
[-0.521293, 0.844247, 0.124499];
[-0.501530, 0.846518, 0.178533];
[-0.476438, 0.850186, 0.224034];
[-0.447871, 0.855490, 0.259902];
[-0.417532, 0.862524, 0.285867];
[-0.386818, 0.871214, 0.302254];
[-0.356786, 0.881341, 0.309746];
[-0.328184, 0.892577, 0.309196];
[-0.301511, 0.904534, 0.301511];
[-0.301511, 0.904534, -0.301511];
[-0.315262, 0.896467, -0.311380];
[-0.330664, 0.889811, -0.314480];
[-0.347607, 0.885010, -0.309720];
[-0.365800, 0.882389, -0.295939];
[-0.384691, 0.882054, -0.272017];
[-0.403373, 0.883784, -0.237097];
[-0.420556, 0.886949, -0.190928];
[-0.434632, 0.890537, -0.134309];
[-0.443946, 0.893358, -0.069448];
[-0.447214, 0.894427, 0.000000];
[-0.443946, 0.893358, 0.069448];
[-0.434632, 0.890537, 0.134309];
[-0.420556, 0.886949, 0.190928];
[-0.403373, 0.883784, 0.237097];
[-0.384691, 0.882054, 0.272017];
[-0.365800, 0.882389, 0.295939];
[-0.347607, 0.885010, 0.309720];
[-0.330664, 0.889811, 0.314480];
[-0.315262, 0.896467, 0.311380];
[-0.301511, 0.904534, 0.301511];
[-0.301511, 0.904534, -0.301511];
[-0.300781, 0.901156, -0.312168];
[-0.300741, 0.899756, -0.316218];
[-0.301536, 0.900784, -0.312513];
[-0.303251, 0.904525, -0.299788];
[-0.305868, 0.910962, -0.276755];
[-0.309203, 0.919604, -0.242327];
[-0.312863, 0.929354, -0.196004];
[-0.316250, 0.938526, -0.138402];
[-0.318673, 0.945145, -0.071751];
[-0.319556, 0.947567, 0.000000];
[-0.318673, 0.945145, 0.071751];
[-0.316250, 0.938526, 0.138402];
[-0.312863, 0.929354, 0.196004];
[-0.309203, 0.919604, 0.242327];
[-0.305868, 0.910962, 0.276755];
[-0.303251, 0.904525, 0.299788];
[-0.301536, 0.900784, 0.312513];
[-0.300741, 0.899756, 0.316218];
[-0.300781, 0.901156, 0.312168];
[-0.301511, 0.904534, 0.301511];
[-0.301511, 0.904534, -0.301511];
[-0.286339, 0.906095, -0.311452];
[-0.270739, 0.909782, -0.314638];
[-0.255056, 0.915895, -0.309972];
[-0.239699, 0.924532, -0.296285];
[-0.225153, 0.935458, -0.272441];
[-0.211972, 0.947962, -0.237561];
[-0.200772, 0.960763, -0.191376];
[-0.192178, 0.972076, -0.134668];
[-0.186754, 0.979935, -0.069650];
[-0.184897, 0.982758, 0.000000];
[-0.186754, 0.979935, 0.069650];
[-0.192178, 0.972076, 0.134668];
[-0.200772, 0.960763, 0.191376];
[-0.211972, 0.947962, 0.237561];
[-0.225153, 0.935458, 0.272441];
[-0.239699, 0.924532, 0.296285];
[-0.255056, 0.915895, 0.309972];
[-0.270739, 0.909782, 0.314638];
[-0.286339, 0.906095, 0.311452];
[-0.301511, 0.904534, 0.301511];
[-0.301511, 0.904534, -0.301511];
[-0.273550, 0.910761, -0.309330];
[-0.244491, 0.918751, -0.310032];
[-0.214951, 0.928530, -0.302701];
[-0.185708, 0.939922, -0.286461];
[-0.157718, 0.952476, -0.260606];
[-0.132123, 0.965410, -0.224781];
[-0.110210, 0.977614, -0.179232];
[-0.093305, 0.987754, -0.125045];
[-0.082597, 0.994506, -0.064302];
[-0.078926, 0.996880, 0.000000];
[-0.082597, 0.994506, 0.064302];
[-0.093305, 0.987754, 0.125045];
[-0.110210, 0.977614, 0.179232];
[-0.132123, 0.965410, 0.224781];
[-0.157718, 0.952476, 0.260606];
[-0.185708, 0.939922, 0.286461];
[-0.214951, 0.928530, 0.302701];
[-0.244491, 0.918751, 0.310032];
[-0.273550, 0.910761, 0.309330];
[-0.301511, 0.904534, 0.301511];
[-0.301511, 0.904534, -0.301511];
[-0.263796, 0.914726, -0.306087];
[-0.225107, 0.925958, -0.303197];
[-0.186383, 0.938002, -0.292256];
[-0.148722, 0.950494, -0.272841];
[-0.113378, 0.962924, -0.244793];
[-0.081721, 0.974641, -0.208320];
[-0.055162, 0.984899, -0.164106];
[-0.035038, 0.992933, -0.113385];
[-0.022464, 0.998067, -0.057939];
[-0.018185, 0.999835, 0.000000];
[-0.022464, 0.998067, 0.057939];
[-0.035038, 0.992933, 0.113385];
[-0.055162, 0.984899, 0.164106];
[-0.081721, 0.974641, 0.208320];
[-0.113378, 0.962924, 0.244793];
[-0.148722, 0.950494, 0.272841];
[-0.186383, 0.938002, 0.292256];
[-0.225107, 0.925958, 0.303197];
[-0.263796, 0.914726, 0.306087];
[-0.301511, 0.904534, 0.301511];
[-0.301511, 0.904534, -0.301511];
[-0.258041, 0.917679, -0.302127];
[-0.214451, 0.931068, -0.295166];
[-0.171874, 0.944348, -0.280474];
[-0.131513, 0.957123, -0.258109];
[-0.094601, 0.968963, -0.228387];
[-0.062352, 0.979432, -0.191899];
[-0.035899, 0.988105, -0.149530];
[-0.016226, 0.994606, -0.102450];
[-0.004098, 0.998635, -0.052074];
[0.000000, 1.000000, 0.000000];
[-0.004098, 0.998635, 0.052074];
[-0.016226, 0.994606, 0.102450];
[-0.035899, 0.988105, 0.149530];
[-0.062352, 0.979432, 0.191899];
[-0.094601, 0.968963, 0.228387];
[-0.131513, 0.957123, 0.258109];
[-0.171874, 0.944348, 0.280474];
[-0.214451, 0.931068, 0.295166];
[-0.258041, 0.917679, 0.302127];
[-0.301511, 0.904534, 0.301511];
[-0.301511, 0.904534, -0.301511];
[-0.256741, 0.919423, -0.297901];
[-0.213043, 0.933956, -0.286948];
[-0.171498, 0.947773, -0.268915];
[-0.133132, 0.960532, -0.244241];
[-0.098898, 0.971918, -0.213530];
[-0.069645, 0.981647, -0.177538];
[-0.046101, 0.989477, -0.137150];
[-0.028852, 0.995214, -0.093366];
[-0.018327, 0.998714, -0.047269];
[-0.014789, 0.999891, 0.000000];
[-0.018327, 0.998714, 0.047269];
[-0.028852, 0.995214, 0.093366];
[-0.046101, 0.989477, 0.137150];
[-0.069645, 0.981647, 0.177538];
[-0.098898, 0.971918, 0.213530];
[-0.133132, 0.960532, 0.244241];
[-0.171498, 0.947773, 0.268915];
[-0.213043, 0.933956, 0.286948];
[-0.256741, 0.919423, 0.297901];
[-0.301511, 0.904534, 0.301511];
[-0.301511, 0.904534, -0.301511];
[-0.259850, 0.919857, -0.293838];
[-0.220304, 0.934571, -0.279362];
[-0.183673, 0.948347, -0.258654];
[-0.150639, 0.960892, -0.232366];
[-0.121774, 0.971949, -0.201214];
[-0.097548, 0.981296, -0.165958];
[-0.078332, 0.988755, -0.127390];
[-0.064410, 0.994183, -0.086321];
[-0.055979, 0.997480, -0.043580];
[-0.053156, 0.998586, 0.000000];
[-0.055979, 0.997480, 0.043580];
[-0.064410, 0.994183, 0.086321];
[-0.078332, 0.988755, 0.127390];
[-0.097548, 0.981296, 0.165958];
[-0.121774, 0.971949, 0.201214];
[-0.150639, 0.960892, 0.232366];
[-0.183673, 0.948347, 0.258654];
[-0.220304, 0.934571, 0.279362];
[-0.259850, 0.919857, 0.293838];
[-0.301511, 0.904534, 0.301511];
[-0.301511, 0.904534, -0.301511];
[-0.266895, 0.918962, -0.290303];
[-0.234907, 0.932895, -0.272996];
[-0.205970, 0.946001, -0.250318];
[-0.180406, 0.957981, -0.222994];
[-0.158454, 0.968571, -0.191733];
[-0.140291, 0.977547, -0.157227];
[-0.126048, 0.984721, -0.120149];
[-0.115814, 0.989950, -0.081156];
[-0.109651, 0.993129, -0.040894];
[-0.107593, 0.994195, 0.000000];
[-0.109651, 0.993129, 0.040894];
[-0.115814, 0.989950, 0.081156];
[-0.126048, 0.984721, 0.120149];
[-0.140291, 0.977547, 0.157227];
[-0.158454, 0.968571, 0.191733];
[-0.180406, 0.957981, 0.222994];
[-0.205970, 0.946001, 0.250318];
[-0.234907, 0.932895, 0.272996];
[-0.266895, 0.918962, 0.290303];
[-0.301511, 0.904534, 0.301511];
[-0.301511, 0.904534, -0.301511];
[-0.277086, 0.916801, -0.287576];
[-0.255096, 0.928968, -0.268224];
[-0.235647, 0.940651, -0.244226];
[-0.218789, 0.951499, -0.216290];
[-0.204540, 0.961203, -0.185071];
[-0.192901, 0.969502, -0.151179];
[-0.183865, 0.976179, -0.115189];
[-0.177420, 0.981067, -0.077645];
[-0.173558, 0.984048, -0.039077];
[-0.172271, 0.985050, 0.000000];
[-0.173558, 0.984048, 0.039077];
[-0.177420, 0.981067, 0.077645];
[-0.183865, 0.976179, 0.115189];
[-0.192901, 0.969502, 0.151179];
[-0.204540, 0.961203, 0.185071];
[-0.218789, 0.951499, 0.216290];
[-0.235647, 0.940651, 0.244226];
[-0.255096, 0.928968, 0.268224];
[-0.277086, 0.916801, 0.287576];
[-0.301511, 0.904534, 0.301511];
[-0.301511, 0.904534, -0.301511];
[-0.289416, 0.913524, -0.285853];
[-0.278920, 0.922950, -0.265268];
[-0.269936, 0.932356, -0.240515];
[-0.262371, 0.941332, -0.212263];
[-0.256136, 0.949522, -0.181115];
[-0.251148, 0.956626, -0.147621];
[-0.247340, 0.962400, -0.112290];
[-0.244658, 0.966657, -0.075603];
[-0.243064, 0.969265, -0.038024];
[-0.242536, 0.970143, 0.000000];
[-0.243064, 0.969265, 0.038024];
[-0.244658, 0.966657, 0.075603];
[-0.247340, 0.962400, 0.112290];
[-0.251148, 0.956626, 0.147621];
[-0.256136, 0.949522, 0.181115];
[-0.262371, 0.941332, 0.212263];
[-0.269936, 0.932356, 0.240515];
[-0.278920, 0.922950, 0.265268];
[-0.289416, 0.913524, 0.285853];
[-0.301511, 0.904534, 0.301511];
[-0.301511, 0.904534, -0.301511];
[-0.302764, 0.909378, -0.285248];
[-0.304370, 0.915170, -0.264240];
[-0.306167, 0.921427, -0.239234];
[-0.308013, 0.927716, -0.210883];
[-0.309781, 0.933659, -0.179768];
[-0.311368, 0.938942, -0.146414];
[-0.312689, 0.943311, -0.111310];
[-0.313678, 0.946569, -0.074915];
[-0.314290, 0.948579, -0.037669];
[-0.314497, 0.949258, 0.000000];
[-0.314290, 0.948579, 0.037669];
[-0.313678, 0.946569, 0.074915];
[-0.312689, 0.943311, 0.111310];
[-0.311368, 0.938942, 0.146414];
[-0.309781, 0.933659, 0.179768];
[-0.308013, 0.927716, 0.210883];
[-0.306167, 0.921427, 0.239234];
[-0.304370, 0.915170, 0.264240];
[-0.302764, 0.909378, 0.285248];
[-0.301511, 0.904534, 0.301511];
[-0.301511, 0.904534, -0.301511];
[-0.315967, 0.904701, -0.285798];
[-0.329464, 0.906166, -0.265174];
[-0.341800, 0.908505, -0.240397];
[-0.352807, 0.911332, -0.212136];
[-0.362343, 0.914303, -0.180991];
[-0.370295, 0.917127, -0.147509];
[-0.376572, 0.919568, -0.112199];
[-0.381104, 0.921441, -0.075540];
[-0.383843, 0.922617, -0.037991];
[-0.384759, 0.923017, 0.000000];
[-0.383843, 0.922617, 0.037991];
[-0.381104, 0.921441, 0.075540];
[-0.376572, 0.919568, 0.112199];
[-0.370295, 0.917127, 0.147509];
[-0.362343, 0.914303, 0.180991];
[-0.352807, 0.911332, 0.212136];
[-0.341800, 0.908505, 0.240397];
[-0.329464, 0.906166, 0.265174];
[-0.315967, 0.904701, 0.285798];
[-0.301511, 0.904534, 0.301511];
[-0.301511, 0.904534, -0.301511];
[-0.327887, 0.899918, -0.287469];
[-0.352290, 0.896687, -0.268038];
[-0.374414, 0.894585, -0.243991];
[-0.394014, 0.893355, -0.216034];
[-0.410895, 0.892753, -0.184819];
[-0.424901, 0.892565, -0.150952];
[-0.435914, 0.892610, -0.115002];
[-0.443843, 0.892746, -0.077514];
[-0.448624, 0.892869, -0.039010];
[-0.450222, 0.892916, 0.000000];
[-0.448624, 0.892869, 0.039010];
[-0.443843, 0.892746, 0.077514];
[-0.435914, 0.892610, 0.115002];
[-0.424901, 0.892565, 0.150952];
[-0.410895, 0.892753, 0.184819];
[-0.394014, 0.893355, 0.216034];
[-0.374414, 0.894585, 0.243991];
[-0.352290, 0.896687, 0.268038];
[-0.327887, 0.899918, 0.287469];
[-0.301511, 0.904534, 0.301511];
[-0.301511, 0.904534, -0.301511];
[-0.337473, 0.895502, -0.290150];
[-0.371038, 0.887666, -0.272726];
[-0.401681, 0.881004, -0.249970];
[-0.428978, 0.875456, -0.222608];
[-0.452588, 0.870948, -0.191347];
[-0.472243, 0.867397, -0.156875];
[-0.487734, 0.864725, -0.119859];
[-0.498905, 0.862868, -0.080950];
[-0.505650, 0.861774, -0.040787];
[-0.507905, 0.861413, 0.000000];
[-0.505650, 0.861774, 0.040787];
[-0.498905, 0.862868, 0.080950];
[-0.487734, 0.864725, 0.119859];
[-0.472243, 0.867397, 0.156875];
[-0.452588, 0.870948, 0.191347];
[-0.428978, 0.875456, 0.222608];
[-0.401681, 0.881004, 0.249970];
[-0.371038, 0.887666, 0.272726];
[-0.337473, 0.895502, 0.290150];
[-0.301511, 0.904534, 0.301511];
[-0.301511, 0.904534, -0.301511];
[-0.343823, 0.891938, -0.293652];
[-0.384042, 0.880146, -0.279023];
[-0.421350, 0.869365, -0.258203];
[-0.455037, 0.859759, -0.231853];
[-0.484508, 0.851455, -0.200690];
[-0.509268, 0.844550, -0.165471];
[-0.528924, 0.839115, -0.126983];
[-0.543175, 0.835201, -0.086030];
[-0.551808, 0.832839, -0.043428];
[-0.554700, 0.832050, 0.000000];
[-0.551808, 0.832839, 0.043428];
[-0.543175, 0.835201, 0.086030];
[-0.528924, 0.839115, 0.126983];
[-0.509268, 0.844550, 0.165471];
[-0.484508, 0.851455, 0.200690];
[-0.455037, 0.859759, 0.231853];
[-0.421350, 0.869365, 0.258203];
[-0.384042, 0.880146, 0.279023];
[-0.343823, 0.891938, 0.293652];
[-0.301511, 0.904534, 0.301511];
[-0.301511, -0.904534, -0.301511];
[-0.343823, -0.891938, -0.293652];
[-0.384042, -0.880146, -0.279023];
[-0.421350, -0.869365, -0.258203];
[-0.455037, -0.859759, -0.231853];
[-0.484508, -0.851455, -0.200690];
[-0.509268, -0.844550, -0.165471];
[-0.528924, -0.839115, -0.126983];
[-0.543175, -0.835201, -0.086030];
[-0.551808, -0.832839, -0.043428];
[-0.554700, -0.832050, 0.000000];
[-0.551808, -0.832839, 0.043428];
[-0.543175, -0.835201, 0.086030];
[-0.528924, -0.839115, 0.126983];
[-0.509268, -0.844550, 0.165471];
[-0.484508, -0.851455, 0.200690];
[-0.455037, -0.859759, 0.231853];
[-0.421350, -0.869365, 0.258203];
[-0.384042, -0.880146, 0.279023];
[-0.343823, -0.891938, 0.293652];
[-0.301511, -0.904534, 0.301511];
[-0.301511, -0.904534, -0.301511];
[-0.337473, -0.895502, -0.290150];
[-0.371038, -0.887666, -0.272726];
[-0.401681, -0.881004, -0.249970];
[-0.428978, -0.875456, -0.222608];
[-0.452588, -0.870948, -0.191347];
[-0.472243, -0.867397, -0.156875];
[-0.487734, -0.864725, -0.119859];
[-0.498905, -0.862868, -0.080950];
[-0.505650, -0.861774, -0.040787];
[-0.507905, -0.861413, 0.000000];
[-0.505650, -0.861774, 0.040787];
[-0.498905, -0.862868, 0.080950];
[-0.487734, -0.864725, 0.119859];
[-0.472243, -0.867397, 0.156875];
[-0.452588, -0.870948, 0.191347];
[-0.428978, -0.875456, 0.222608];
[-0.401681, -0.881004, 0.249970];
[-0.371038, -0.887666, 0.272726];
[-0.337473, -0.895502, 0.290150];
[-0.301511, -0.904534, 0.301511];
[-0.301511, -0.904534, -0.301511];
[-0.327887, -0.899918, -0.287469];
[-0.352290, -0.896687, -0.268038];
[-0.374414, -0.894585, -0.243991];
[-0.394014, -0.893355, -0.216034];
[-0.410895, -0.892753, -0.184819];
[-0.424901, -0.892565, -0.150952];
[-0.435914, -0.892610, -0.115002];
[-0.443843, -0.892746, -0.077514];
[-0.448624, -0.892869, -0.039010];
[-0.450222, -0.892916, 0.000000];
[-0.448624, -0.892869, 0.039010];
[-0.443843, -0.892746, 0.077514];
[-0.435914, -0.892610, 0.115002];
[-0.424901, -0.892565, 0.150952];
[-0.410895, -0.892753, 0.184819];
[-0.394014, -0.893355, 0.216034];
[-0.374414, -0.894585, 0.243991];
[-0.352290, -0.896687, 0.268038];
[-0.327887, -0.899918, 0.287469];
[-0.301511, -0.904534, 0.301511];
[-0.301511, -0.904534, -0.301511];
[-0.315967, -0.904701, -0.285798];
[-0.329464, -0.906166, -0.265174];
[-0.341800, -0.908505, -0.240397];
[-0.352807, -0.911332, -0.212136];
[-0.362343, -0.914303, -0.180991];
[-0.370295, -0.917127, -0.147509];
[-0.376572, -0.919568, -0.112199];
[-0.381104, -0.921441, -0.075540];
[-0.383843, -0.922617, -0.037991];
[-0.384759, -0.923017, 0.000000];
[-0.383843, -0.922617, 0.037991];
[-0.381104, -0.921441, 0.075540];
[-0.376572, -0.919568, 0.112199];
[-0.370295, -0.917127, 0.147509];
[-0.362343, -0.914303, 0.180991];
[-0.352807, -0.911332, 0.212136];
[-0.341800, -0.908505, 0.240397];
[-0.329464, -0.906166, 0.265174];
[-0.315967, -0.904701, 0.285798];
[-0.301511, -0.904534, 0.301511];
[-0.301511, -0.904534, -0.301511];
[-0.302764, -0.909378, -0.285248];
[-0.304370, -0.915170, -0.264240];
[-0.306167, -0.921427, -0.239234];
[-0.308013, -0.927716, -0.210883];
[-0.309781, -0.933659, -0.179768];
[-0.311368, -0.938942, -0.146414];
[-0.312689, -0.943311, -0.111310];
[-0.313678, -0.946569, -0.074915];
[-0.314290, -0.948579, -0.037669];
[-0.314497, -0.949258, 0.000000];
[-0.314290, -0.948579, 0.037669];
[-0.313678, -0.946569, 0.074915];
[-0.312689, -0.943311, 0.111310];
[-0.311368, -0.938942, 0.146414];
[-0.309781, -0.933659, 0.179768];
[-0.308013, -0.927716, 0.210883];
[-0.306167, -0.921427, 0.239234];
[-0.304370, -0.915170, 0.264240];
[-0.302764, -0.909378, 0.285248];
[-0.301511, -0.904534, 0.301511];
[-0.301511, -0.904534, -0.301511];
[-0.289416, -0.913524, -0.285853];
[-0.278920, -0.922950, -0.265268];
[-0.269936, -0.932356, -0.240515];
[-0.262371, -0.941332, -0.212263];
[-0.256136, -0.949522, -0.181115];
[-0.251148, -0.956626, -0.147621];
[-0.247340, -0.962400, -0.112290];
[-0.244658, -0.966657, -0.075603];
[-0.243064, -0.969265, -0.038024];
[-0.242536, -0.970143, 0.000000];
[-0.243064, -0.969265, 0.038024];
[-0.244658, -0.966657, 0.075603];
[-0.247340, -0.962400, 0.112290];
[-0.251148, -0.956626, 0.147621];
[-0.256136, -0.949522, 0.181115];
[-0.262371, -0.941332, 0.212263];
[-0.269936, -0.932356, 0.240515];
[-0.278920, -0.922950, 0.265268];
[-0.289416, -0.913524, 0.285853];
[-0.301511, -0.904534, 0.301511];
[-0.301511, -0.904534, -0.301511];
[-0.277086, -0.916801, -0.287576];
[-0.255096, -0.928968, -0.268224];
[-0.235647, -0.940651, -0.244226];
[-0.218789, -0.951499, -0.216290];
[-0.204540, -0.961203, -0.185071];
[-0.192901, -0.969502, -0.151179];
[-0.183865, -0.976179, -0.115189];
[-0.177420, -0.981067, -0.077645];
[-0.173558, -0.984048, -0.039077];
[-0.172271, -0.985050, 0.000000];
[-0.173558, -0.984048, 0.039077];
[-0.177420, -0.981067, 0.077645];
[-0.183865, -0.976179, 0.115189];
[-0.192901, -0.969502, 0.151179];
[-0.204540, -0.961203, 0.185071];
[-0.218789, -0.951499, 0.216290];
[-0.235647, -0.940651, 0.244226];
[-0.255096, -0.928968, 0.268224];
[-0.277086, -0.916801, 0.287576];
[-0.301511, -0.904534, 0.301511];
[-0.301511, -0.904534, -0.301511];
[-0.266895, -0.918962, -0.290303];
[-0.234907, -0.932895, -0.272996];
[-0.205970, -0.946001, -0.250318];
[-0.180406, -0.957981, -0.222994];
[-0.158454, -0.968571, -0.191733];
[-0.140291, -0.977547, -0.157227];
[-0.126048, -0.984721, -0.120149];
[-0.115814, -0.989950, -0.081156];
[-0.109651, -0.993129, -0.040894];
[-0.107593, -0.994195, 0.000000];
[-0.109651, -0.993129, 0.040894];
[-0.115814, -0.989950, 0.081156];
[-0.126048, -0.984721, 0.120149];
[-0.140291, -0.977547, 0.157227];
[-0.158454, -0.968571, 0.191733];
[-0.180406, -0.957981, 0.222994];
[-0.205970, -0.946001, 0.250318];
[-0.234907, -0.932895, 0.272996];
[-0.266895, -0.918962, 0.290303];
[-0.301511, -0.904534, 0.301511];
[-0.301511, -0.904534, -0.301511];
[-0.259850, -0.919857, -0.293838];
[-0.220304, -0.934571, -0.279362];
[-0.183673, -0.948347, -0.258654];
[-0.150639, -0.960892, -0.232366];
[-0.121774, -0.971949, -0.201214];
[-0.097548, -0.981296, -0.165958];
[-0.078332, -0.988755, -0.127390];
[-0.064410, -0.994183, -0.086321];
[-0.055979, -0.997480, -0.043580];
[-0.053156, -0.998586, 0.000000];
[-0.055979, -0.997480, 0.043580];
[-0.064410, -0.994183, 0.086321];
[-0.078332, -0.988755, 0.127390];
[-0.097548, -0.981296, 0.165958];
[-0.121774, -0.971949, 0.201214];
[-0.150639, -0.960892, 0.232366];
[-0.183673, -0.948347, 0.258654];
[-0.220304, -0.934571, 0.279362];
[-0.259850, -0.919857, 0.293838];
[-0.301511, -0.904534, 0.301511];
[-0.301511, -0.904534, -0.301511];
[-0.256741, -0.919423, -0.297901];
[-0.213043, -0.933956, -0.286948];
[-0.171498, -0.947773, -0.268915];
[-0.133132, -0.960532, -0.244241];
[-0.098898, -0.971918, -0.213530];
[-0.069645, -0.981647, -0.177538];
[-0.046101, -0.989477, -0.137150];
[-0.028852, -0.995214, -0.093366];
[-0.018327, -0.998714, -0.047269];
[-0.014789, -0.999891, 0.000000];
[-0.018327, -0.998714, 0.047269];
[-0.028852, -0.995214, 0.093366];
[-0.046101, -0.989477, 0.137150];
[-0.069645, -0.981647, 0.177538];
[-0.098898, -0.971918, 0.213530];
[-0.133132, -0.960532, 0.244241];
[-0.171498, -0.947773, 0.268915];
[-0.213043, -0.933956, 0.286948];
[-0.256741, -0.919423, 0.297901];
[-0.301511, -0.904534, 0.301511];
[-0.301511, -0.904534, -0.301511];
[-0.258041, -0.917679, -0.302127];
[-0.214451, -0.931068, -0.295166];
[-0.171874, -0.944348, -0.280474];
[-0.131513, -0.957123, -0.258109];
[-0.094601, -0.968963, -0.228387];
[-0.062352, -0.979432, -0.191899];
[-0.035899, -0.988105, -0.149530];
[-0.016226, -0.994606, -0.102450];
[-0.004098, -0.998635, -0.052074];
[0.000000, -1.000000, 0.000000];
[-0.004098, -0.998635, 0.052074];
[-0.016226, -0.994606, 0.102450];
[-0.035899, -0.988105, 0.149530];
[-0.062352, -0.979432, 0.191899];
[-0.094601, -0.968963, 0.228387];
[-0.131513, -0.957123, 0.258109];
[-0.171874, -0.944348, 0.280474];
[-0.214451, -0.931068, 0.295166];
[-0.258041, -0.917679, 0.302127];
[-0.301511, -0.904534, 0.301511];
[-0.301511, -0.904534, -0.301511];
[-0.263796, -0.914726, -0.306087];
[-0.225107, -0.925958, -0.303197];
[-0.186383, -0.938002, -0.292256];
[-0.148722, -0.950494, -0.272841];
[-0.113378, -0.962924, -0.244793];
[-0.081721, -0.974641, -0.208320];
[-0.055162, -0.984899, -0.164106];
[-0.035038, -0.992933, -0.113385];
[-0.022464, -0.998067, -0.057939];
[-0.018185, -0.999835, 0.000000];
[-0.022464, -0.998067, 0.057939];
[-0.035038, -0.992933, 0.113385];
[-0.055162, -0.984899, 0.164106];
[-0.081721, -0.974641, 0.208320];
[-0.113378, -0.962924, 0.244793];
[-0.148722, -0.950494, 0.272841];
[-0.186383, -0.938002, 0.292256];
[-0.225107, -0.925958, 0.303197];
[-0.263796, -0.914726, 0.306087];
[-0.301511, -0.904534, 0.301511];
[-0.301511, -0.904534, -0.301511];
[-0.273550, -0.910761, -0.309330];
[-0.244491, -0.918751, -0.310032];
[-0.214951, -0.928530, -0.302701];
[-0.185708, -0.939922, -0.286461];
[-0.157718, -0.952476, -0.260606];
[-0.132123, -0.965410, -0.224781];
[-0.110210, -0.977614, -0.179232];
[-0.093305, -0.987754, -0.125045];
[-0.082597, -0.994506, -0.064302];
[-0.078926, -0.996880, 0.000000];
[-0.082597, -0.994506, 0.064302];
[-0.093305, -0.987754, 0.125045];
[-0.110210, -0.977614, 0.179232];
[-0.132123, -0.965410, 0.224781];
[-0.157718, -0.952476, 0.260606];
[-0.185708, -0.939922, 0.286461];
[-0.214951, -0.928530, 0.302701];
[-0.244491, -0.918751, 0.310032];
[-0.273550, -0.910761, 0.309330];
[-0.301511, -0.904534, 0.301511];
[-0.301511, -0.904534, -0.301511];
[-0.286339, -0.906095, -0.311452];
[-0.270739, -0.909782, -0.314638];
[-0.255056, -0.915895, -0.309972];
[-0.239699, -0.924532, -0.296285];
[-0.225153, -0.935458, -0.272441];
[-0.211972, -0.947962, -0.237561];
[-0.200772, -0.960763, -0.191376];
[-0.192178, -0.972076, -0.134668];
[-0.186754, -0.979935, -0.069650];
[-0.184897, -0.982758, 0.000000];
[-0.186754, -0.979935, 0.069650];
[-0.192178, -0.972076, 0.134668];
[-0.200772, -0.960763, 0.191376];
[-0.211972, -0.947962, 0.237561];
[-0.225153, -0.935458, 0.272441];
[-0.239699, -0.924532, 0.296285];
[-0.255056, -0.915895, 0.309972];
[-0.270739, -0.909782, 0.314638];
[-0.286339, -0.906095, 0.311452];
[-0.301511, -0.904534, 0.301511];
[-0.301511, -0.904534, -0.301511];
[-0.300781, -0.901156, -0.312168];
[-0.300741, -0.899756, -0.316218];
[-0.301536, -0.900784, -0.312513];
[-0.303251, -0.904525, -0.299788];
[-0.305868, -0.910962, -0.276755];
[-0.309203, -0.919604, -0.242327];
[-0.312863, -0.929354, -0.196004];
[-0.316250, -0.938526, -0.138402];
[-0.318673, -0.945145, -0.071751];
[-0.319556, -0.947567, 0.000000];
[-0.318673, -0.945145, 0.071751];
[-0.316250, -0.938526, 0.138402];
[-0.312863, -0.929354, 0.196004];
[-0.309203, -0.919604, 0.242327];
[-0.305868, -0.910962, 0.276755];
[-0.303251, -0.904525, 0.299788];
[-0.301536, -0.900784, 0.312513];
[-0.300741, -0.899756, 0.316218];
[-0.300781, -0.901156, 0.312168];
[-0.301511, -0.904534, 0.301511];
[-0.301511, -0.904534, -0.301511];
[-0.315262, -0.896467, -0.311380];
[-0.330664, -0.889811, -0.314480];
[-0.347607, -0.885010, -0.309720];
[-0.365800, -0.882389, -0.295939];
[-0.384691, -0.882054, -0.272017];
[-0.403373, -0.883784, -0.237097];
[-0.420556, -0.886949, -0.190928];
[-0.434632, -0.890537, -0.134309];
[-0.443946, -0.893358, -0.069448];
[-0.447214, -0.894427, 0.000000];
[-0.443946, -0.893358, 0.069448];
[-0.434632, -0.890537, 0.134309];
[-0.420556, -0.886949, 0.190928];
[-0.403373, -0.883784, 0.237097];
[-0.384691, -0.882054, 0.272017];
[-0.365800, -0.882389, 0.295939];
[-0.347607, -0.885010, 0.309720];
[-0.330664, -0.889811, 0.314480];
[-0.315262, -0.896467, 0.311380];
[-0.301511, -0.904534, 0.301511];
[-0.301511, -0.904534, -0.301511];
[-0.328184, -0.892577, -0.309196];
[-0.356786, -0.881341, -0.309746];
[-0.386818, -0.871214, -0.302254];
[-0.417532, -0.862524, -0.285867];
[-0.447871, -0.855490, -0.259902];
[-0.476438, -0.850186, -0.224034];
[-0.501530, -0.846518, -0.178533];
[-0.521293, -0.844247, -0.124499];
[-0.533994, -0.843063, -0.064001];
[-0.538380, -0.842702, 0.000000];
[-0.533994, -0.843063, 0.064001];
[-0.521293, -0.844247, 0.124499];
[-0.501530, -0.846518, 0.178533];
[-0.476438, -0.850186, 0.224034];
[-0.447871, -0.855490, 0.259902];
[-0.417532, -0.862524, 0.285867];
[-0.386818, -0.871214, 0.302254];
[-0.356786, -0.881341, 0.309746];
[-0.328184, -0.892577, 0.309196];
[-0.301511, -0.904534, 0.301511];
[-0.301511, -0.904534, -0.301511];
[-0.338200, -0.889967, -0.305908];
[-0.376247, -0.875633, -0.302828];
[-0.414748, -0.861913, -0.291703];
[-0.452594, -0.849177, -0.272136];
[-0.488470, -0.837774, -0.243991];
[-0.520897, -0.828015, -0.207502];
[-0.548314, -0.820160, -0.163369];
[-0.569215, -0.814410, -0.112826];
[-0.582331, -0.810906, -0.057636];
[-0.586803, -0.809729, 0.000000];
[-0.582331, -0.810906, 0.057636];
[-0.569215, -0.814410, 0.112826];
[-0.548314, -0.820160, 0.163369];
[-0.520897, -0.828015, 0.207502];
[-0.488470, -0.837774, 0.243991];
[-0.452594, -0.849177, 0.272136];
[-0.414748, -0.861913, 0.291703];
[-0.376247, -0.875633, 0.302828];
[-0.338200, -0.889967, 0.305908];
[-0.301511, -0.904534, 0.301511];
[-0.301511, -0.904534, -0.301511];
[-0.344376, -0.888958, -0.301925];
[-0.387419, -0.873510, -0.294766];
[-0.429517, -0.858587, -0.279899];
[-0.469473, -0.844593, -0.257407];
[-0.506055, -0.831924, -0.227621];
[-0.538045, -0.820957, -0.191147];
[-0.564305, -0.812032, -0.148875];
[-0.583845, -0.805437, -0.101964];
[-0.595896, -0.801388, -0.051815];
[-0.599969, -0.800023, 0.000000];
[-0.595896, -0.801388, 0.051815];
[-0.583845, -0.805437, 0.101964];
[-0.564305, -0.812032, 0.148875];
[-0.538045, -0.820957, 0.191147];
[-0.506055, -0.831924, 0.227621];
[-0.469473, -0.844593, 0.257407];
[-0.429517, -0.858587, 0.279899];
[-0.387419, -0.873510, 0.294766];
[-0.344376, -0.888958, 0.301925];
[-0.301511, -0.904534, 0.301511];
[-0.301511, -0.904534, -0.301511];
[-0.346251, -0.889655, -0.297698];
[-0.389860, -0.875152, -0.286561];
[-0.431268, -0.861382, -0.268383];
[-0.469460, -0.848681, -0.243616];
[-0.503501, -0.837360, -0.212872];
[-0.532561, -0.827696, -0.176912];
[-0.555931, -0.819924, -0.136618];
[-0.573043, -0.814234, -0.092979];
[-0.583479, -0.810763, -0.047065];
[-0.586986, -0.809597, 0.000000];
[-0.583479, -0.810763, 0.047065];
[-0.573043, -0.814234, 0.092979];
[-0.555931, -0.819924, 0.136618];
[-0.532561, -0.827696, 0.176912];
[-0.503501, -0.837360, 0.212872];
[-0.469460, -0.848681, 0.243616];
[-0.431268, -0.861382, 0.268383];
[-0.389860, -0.875152, 0.286561];
[-0.346251, -0.889655, 0.297698];
[-0.301511, -0.904534, 0.301511];
[-0.301511, -0.904534, -0.301511];
[-0.343823, -0.891938, -0.293652];
[-0.384042, -0.880146, -0.279023];
[-0.421350, -0.869365, -0.258203];
[-0.455037, -0.859759, -0.231853];
[-0.484508, -0.851455, -0.200690];
[-0.509268, -0.844550, -0.165471];
[-0.528924, -0.839115, -0.126983];
[-0.543175, -0.835201, -0.086030];
[-0.551808, -0.832839, -0.043428];
[-0.554700, -0.832050, 0.000000];
[-0.551808, -0.832839, 0.043428];
[-0.543175, -0.835201, 0.086030];
[-0.528924, -0.839115, 0.126983];
[-0.509268, -0.844550, 0.165471];
[-0.484508, -0.851455, 0.200690];
[-0.455037, -0.859759, 0.231853];
[-0.421350, -0.869365, 0.258203];
[-0.384042, -0.880146, 0.279023];
[-0.343823, -0.891938, 0.293652];
[-0.301511, -0.904534, 0.301511];
[0.507093, 0.845154, -0.169031];
[0.487228, 0.856720, -0.169234];
[0.467408, 0.868471, -0.165193];
[0.448146, 0.880095, -0.156834];
[0.429977, 0.891249, -0.144207];
[0.413437, 0.901562, -0.127500];
[0.399048, 0.910659, -0.107054];
[0.387288, 0.918182, -0.083369];
[0.378567, 0.923811, -0.057095];
[0.373202, 0.927296, -0.029012];
[0.371391, 0.928477, 0.000000];
[0.373202, 0.927296, 0.029012];
[0.378567, 0.923811, 0.057095];
[0.387288, 0.918182, 0.083369];
[0.399048, 0.910659, 0.107054];
[0.413437, 0.901562, 0.127500];
[0.429977, 0.891249, 0.144207];
[0.448146, 0.880095, 0.156834];
[0.467408, 0.868471, 0.165193];
[0.487228, 0.856720, 0.169234];
[0.507093, 0.845154, 0.169031];
[0.507093, 0.845154, -0.169031];
[0.491708, 0.853938, -0.170332];
[0.476285, 0.863211, -0.167389];
[0.461219, 0.872738, -0.160013];
[0.446932, 0.882219, -0.148127];
[0.433856, 0.891289, -0.131808];
[0.422420, 0.899539, -0.111313];
[0.413029, 0.906542, -0.087109];
[0.406039, 0.911892, -0.059878];
[0.401726, 0.915252, -0.030497];
[0.400268, 0.916398, 0.000000];
[0.401726, 0.915252, 0.030497];
[0.406039, 0.911892, 0.059878];
[0.413029, 0.906542, 0.087109];
[0.422420, 0.899539, 0.111313];
[0.433856, 0.891289, 0.131808];
[0.446932, 0.882219, 0.148127];
[0.461219, 0.872738, 0.160013];
[0.476285, 0.863211, 0.167389];
[0.491708, 0.853938, 0.170332];
[0.507093, 0.845154, 0.169031];
[0.507093, 0.845154, -0.169031];
[0.497786, 0.850255, -0.171104];
[0.488557, 0.856016, -0.168962];
[0.479645, 0.862316, -0.162329];
[0.471293, 0.868949, -0.151035];
[0.463738, 0.875618, -0.135058];
[0.457204, 0.881950, -0.114576];
[0.451893, 0.887519, -0.090013];
[0.447972, 0.891891, -0.062060];
[0.445566, 0.894689, -0.031669];
[0.444756, 0.895652, 0.000000];
[0.445566, 0.894689, 0.031669];
[0.447972, 0.891891, 0.062060];
[0.451893, 0.887519, 0.090013];
[0.457204, 0.881950, 0.114576];
[0.463738, 0.875618, 0.135058];
[0.471293, 0.868949, 0.151035];
[0.479645, 0.862316, 0.162329];
[0.488557, 0.856016, 0.168962];
[0.497786, 0.850255, 0.171104];
[0.507093, 0.845154, 0.169031];
[0.507093, 0.845154, -0.169031];
[0.504831, 0.846018, -0.171460];
[0.502877, 0.847536, -0.169696];
[0.501297, 0.849703, -0.163423];
[0.500123, 0.852434, -0.152423];
[0.499349, 0.855560, -0.136626];
[0.498926, 0.858824, -0.116167];
[0.498767, 0.861899, -0.091442];
[0.498766, 0.864434, -0.063141];
[0.498817, 0.866107, -0.032252];
[0.498844, 0.866692, 0.000000];
[0.498817, 0.866107, 0.032252];
[0.498766, 0.864434, 0.063141];
[0.498767, 0.861899, 0.091442];
[0.498926, 0.858824, 0.116167];
[0.499349, 0.855560, 0.136626];
[0.500123, 0.852434, 0.152423];
[0.501297, 0.849703, 0.163423];
[0.502877, 0.847536, 0.169696];
[0.504831, 0.846018, 0.171460];
[0.507093, 0.845154, 0.169031];
[0.507093, 0.845154, -0.169031];
[0.512097, 0.841661, -0.171359];
[0.517606, 0.838665, -0.169486];
[0.523502, 0.836266, -0.163109];
[0.529603, 0.834512, -0.152024];
[0.535656, 0.833384, -0.136174];
[0.541345, 0.832801, -0.115707];
[0.546311, 0.832621, -0.091028];
[0.550191, 0.832672, -0.062828];
[0.552665, 0.832786, -0.032083];
[0.553516, 0.832839, 0.000000];
[0.552665, 0.832786, 0.032083];
[0.550191, 0.832672, 0.062828];
[0.546311, 0.832621, 0.091028];
[0.541345, 0.832801, 0.115707];
[0.535656, 0.833384, 0.136174];
[0.529603, 0.834512, 0.152024];
[0.523502, 0.836266, 0.163109];
[0.517606, 0.838665, 0.169486];
[0.512097, 0.841661, 0.171359];
[0.507093, 0.845154, 0.169031];
[0.507093, 0.845154, -0.169031];
[0.518820, 0.837646, -0.170811];
[0.531079, 0.830427, -0.168362];
[0.543570, 0.823692, -0.161442];
[0.555916, 0.817608, -0.149915];
[0.567668, 0.812312, -0.133801];
[0.578317, 0.807905, -0.113309];
[0.587333, 0.804450, -0.088881];
[0.594212, 0.801976, -0.061207];
[0.598528, 0.800494, -0.031210];
[0.600000, 0.800000, 0.000000];
[0.598528, 0.800494, 0.031210];
[0.594212, 0.801976, 0.061207];
[0.587333, 0.804450, 0.088881];
[0.578317, 0.807905, 0.113309];
[0.567668, 0.812312, 0.133801];
[0.555916, 0.817608, 0.149915];
[0.543570, 0.823692, 0.161442];
[0.531079, 0.830427, 0.168362];
[0.518820, 0.837646, 0.170811];
[0.507093, 0.845154, 0.169031];
[0.507093, 0.845154, -0.169031];
[0.524313, 0.834408, -0.169882];
[0.541869, 0.823809, -0.166483];
[0.559305, 0.813630, -0.158694];
[0.576107, 0.804140, -0.146491];
[0.591713, 0.795598, -0.129999];
[0.605541, 0.788243, -0.109516];
[0.617022, 0.782285, -0.085525];
[0.625643, 0.777899, -0.058695];
[0.630993, 0.775213, -0.029865];
[0.632808, 0.774309, 0.000000];
[0.630993, 0.775213, 0.029865];
[0.625643, 0.777899, 0.058695];
[0.617022, 0.782285, 0.085525];
[0.605541, 0.788243, 0.109516];
[0.591713, 0.795598, 0.129999];
[0.576107, 0.804140, 0.146491];
[0.559305, 0.813630, 0.158694];
[0.541869, 0.823809, 0.166483];
[0.524313, 0.834408, 0.169882];
[0.507093, 0.845154, 0.169031];
[0.507093, 0.845154, -0.169031];
[0.528048, 0.832294, -0.168679];
[0.548968, 0.819577, -0.164098];
[0.569305, 0.807330, -0.155273];
[0.588491, 0.795881, -0.142311];
[0.605955, 0.785546, -0.125445];
[0.621144, 0.776624, -0.105049];
[0.633554, 0.769380, -0.081626];
[0.642754, 0.764037, -0.055808];
[0.648413, 0.760762, -0.028329];
[0.650323, 0.759658, 0.000000];
[0.648413, 0.760762, 0.028329];
[0.642754, 0.764037, 0.055808];
[0.633554, 0.769380, 0.081626];
[0.621144, 0.776624, 0.105049];
[0.605955, 0.785546, 0.125445];
[0.588491, 0.795881, 0.142311];
[0.569305, 0.807330, 0.155273];
[0.548968, 0.819577, 0.164098];
[0.528048, 0.832294, 0.168679];
[0.507093, 0.845154, 0.169031];
[0.507093, 0.845154, -0.169031];
[0.529698, 0.831516, -0.167333];
[0.551850, 0.818158, -0.161489];
[0.572992, 0.805414, -0.151618];
[0.592588, 0.793607, -0.137940];
[0.610131, 0.783041, -0.120778];
[0.625166, 0.773988, -0.100551];
[0.637296, 0.766686, -0.077758];
[0.646200, 0.761327, -0.052975];
[0.651640, 0.758054, -0.026833];
[0.653469, 0.756953, 0.000000];
[0.651640, 0.758054, 0.026833];
[0.646200, 0.761327, 0.052975];
[0.637296, 0.766686, 0.077758];
[0.625166, 0.773988, 0.100551];
[0.610131, 0.783041, 0.120778];
[0.592588, 0.793607, 0.137940];
[0.572992, 0.805414, 0.151618];
[0.551850, 0.818158, 0.161489];
[0.529698, 0.831516, 0.167333];
[0.507093, 0.845154, 0.169031];
[0.507093, 0.845154, -0.169031];
[0.529156, 0.832132, -0.165982];
[0.550449, 0.819602, -0.158933];
[0.570476, 0.807848, -0.148115];
[0.588788, 0.797129, -0.133840];
[0.604983, 0.787672, -0.116484];
[0.618715, 0.779668, -0.096479];
[0.629698, 0.773279, -0.074304];
[0.637705, 0.768626, -0.050470];
[0.642574, 0.765799, -0.025517];
[0.644208, 0.764851, 0.000000];
[0.642574, 0.765799, 0.025517];
[0.637705, 0.768626, 0.050470];
[0.629698, 0.773279, 0.074304];
[0.618715, 0.779668, 0.096479];
[0.604983, 0.787672, 0.116484];
[0.588788, 0.797129, 0.133840];
[0.570476, 0.807848, 0.148115];
[0.550449, 0.819602, 0.158933];
[0.529156, 0.832132, 0.165982];
[0.507093, 0.845154, 0.169031];
[0.507093, 0.845154, -0.169031];
[0.526522, 0.834045, -0.164755];
[0.545075, 0.823620, -0.156662];
[0.562358, 0.814069, -0.145068];
[0.578023, 0.805544, -0.130340];
[0.591774, 0.798162, -0.112877];
[0.603360, 0.792015, -0.093107];
[0.612578, 0.787172, -0.071474];
[0.619273, 0.783680, -0.048434];
[0.623334, 0.781573, -0.024453];
[0.624695, 0.780869, 0.000000];
[0.623334, 0.781573, 0.024453];
[0.619273, 0.783680, 0.048434];
[0.612578, 0.787172, 0.071474];
[0.603360, 0.792015, 0.093107];
[0.591774, 0.798162, 0.112877];
[0.578023, 0.805544, 0.130340];
[0.562358, 0.814069, 0.145068];
[0.545075, 0.823620, 0.156662];
[0.526522, 0.834045, 0.164755];
[0.507093, 0.845154, 0.169031];
[0.507093, 0.845154, -0.169031];
[0.522076, 0.837029, -0.163762];
[0.536332, 0.829679, -0.154857];
[0.549569, 0.823174, -0.142687];
[0.561535, 0.817548, -0.127645];
[0.572015, 0.812816, -0.110136];
[0.580829, 0.808971, -0.090572];
[0.587833, 0.806003, -0.069364];
[0.592914, 0.803897, -0.046925];
[0.595994, 0.802640, -0.023667];
[0.597026, 0.802222, 0.000000];
[0.595994, 0.802640, 0.023667];
[0.592914, 0.803897, 0.046925];
[0.587833, 0.806003, 0.069364];
[0.580829, 0.808971, 0.090572];
[0.572015, 0.812816, 0.110136];
[0.561535, 0.817548, 0.127645];
[0.549569, 0.823174, 0.142687];
[0.536332, 0.829679, 0.154857];
[0.522076, 0.837029, 0.163762];
[0.507093, 0.845154, 0.169031];
[0.507093, 0.845154, -0.169031];
[0.516248, 0.840768, -0.163084];
[0.525039, 0.837095, -0.153644];
[0.533267, 0.834095, -0.141106];
[0.540758, 0.831707, -0.125875];
[0.547359, 0.829854, -0.108352];
[0.552938, 0.828463, -0.088934];
[0.557388, 0.827462, -0.068009];
[0.560626, 0.826793, -0.045960];
[0.562593, 0.826410, -0.023166];
[0.563252, 0.826285, 0.000000];
[0.562593, 0.826410, 0.023166];
[0.560626, 0.826793, 0.045960];
[0.557388, 0.827462, 0.068009];
[0.552938, 0.828463, 0.088934];
[0.547359, 0.829854, 0.108352];
[0.540758, 0.831707, 0.125875];
[0.533267, 0.834095, 0.141106];
[0.525039, 0.837095, 0.153644];
[0.516248, 0.840768, 0.163084];
[0.507093, 0.845154, 0.169031];
[0.507093, 0.845154, -0.169031];
[0.509573, 0.844890, -0.162777];
[0.512170, 0.845129, -0.153098];
[0.514774, 0.845751, -0.140401];
[0.517279, 0.846625, -0.125090];
[0.519585, 0.847621, -0.107565];
[0.521600, 0.848617, -0.088214];
[0.523250, 0.849508, -0.067415];
[0.524473, 0.850208, -0.045538];
[0.525225, 0.850654, -0.022947];
[0.525478, 0.850807, 0.000000];
[0.525225, 0.850654, 0.022947];
[0.524473, 0.850208, 0.045538];
[0.523250, 0.849508, 0.067415];
[0.521600, 0.848617, 0.088214];
[0.519585, 0.847621, 0.107565];
[0.517279, 0.846625, 0.125090];
[0.514774, 0.845751, 0.140401];
[0.512170, 0.845129, 0.153098];
[0.509573, 0.844890, 0.162777];
[0.507093, 0.845154, 0.169031];
[0.507093, 0.845154, -0.169031];
[0.502656, 0.849007, -0.162865];
[0.498807, 0.853056, -0.153253];
[0.495537, 0.857132, -0.140601];
[0.492818, 0.861062, -0.125312];
[0.490612, 0.864686, -0.107788];
[0.488878, 0.867860, -0.088417];
[0.487576, 0.870461, -0.067582];
[0.486672, 0.872391, -0.045657];
[0.486141, 0.873578, -0.023009];
[0.485965, 0.873978, 0.000000];
[0.486141, 0.873578, 0.023009];
[0.486672, 0.872391, 0.045657];
[0.487576, 0.870461, 0.067582];
[0.488878, 0.867860, 0.088417];
[0.490612, 0.864686, 0.107788];
[0.492818, 0.861062, 0.125312];
[0.495537, 0.857132, 0.140601];
[0.498807, 0.853056, 0.153253];
[0.502656, 0.849007, 0.162865];
[0.507093, 0.845154, 0.169031];
[0.507093, 0.845154, -0.169031];
[0.496126, 0.852748, -0.163339];
[0.486088, 0.860216, -0.154099];
[0.477093, 0.867354, -0.141698];
[0.469221, 0.873968, -0.126536];
[0.462519, 0.879882, -0.109017];
[0.457017, 0.884939, -0.089543];
[0.452730, 0.889012, -0.068512];
[0.449666, 0.891995, -0.046318];
[0.447827, 0.893815, -0.023352];
[0.447214, 0.894427, 0.000000];
[0.447827, 0.893815, 0.023352];
[0.449666, 0.891995, 0.046318];
[0.452730, 0.889012, 0.068512];
[0.457017, 0.884939, 0.089543];
[0.462519, 0.879882, 0.109017];
[0.469221, 0.873968, 0.126536];
[0.477093, 0.867354, 0.141698];
[0.486088, 0.860216, 0.154099];
[0.496126, 0.852748, 0.163339];
[0.507093, 0.845154, 0.169031];
[0.507093, 0.845154, -0.169031];
[0.490598, 0.855783, -0.164164];
[0.475154, 0.866038, -0.155585];
[0.461028, 0.875683, -0.143644];
[0.448432, 0.884499, -0.128723];
[0.437534, 0.892296, -0.111229];
[0.428464, 0.898906, -0.091580];
[0.421319, 0.904192, -0.070201];
[0.416168, 0.908045, -0.047523];
[0.413059, 0.910388, -0.023978];
[0.412020, 0.911175, 0.000000];
[0.413059, 0.910388, 0.023978];
[0.416168, 0.908045, 0.047523];
[0.421319, 0.904192, 0.070201];
[0.428464, 0.898906, 0.091580];
[0.437534, 0.892296, 0.111229];
[0.448432, 0.884499, 0.128723];
[0.461028, 0.875683, 0.143644];
[0.475154, 0.866038, 0.155585];
[0.490598, 0.855783, 0.164164];
[0.507093, 0.845154, 0.169031];
[0.507093, 0.845154, -0.169031];
[0.486613, 0.857842, -0.165273];
[0.467074, 0.870057, -0.157614];
[0.448892, 0.881522, -0.146339];
[0.432429, 0.891984, -0.131792];
[0.417995, 0.901222, -0.114367];
[0.405845, 0.909044, -0.094495];
[0.396187, 0.915292, -0.072635];
[0.389177, 0.919845, -0.049268];
[0.384927, 0.922611, -0.024888];
[0.383503, 0.923540, 0.000000];
[0.384927, 0.922611, 0.024888];
[0.389177, 0.919845, 0.049268];
[0.396187, 0.915292, 0.072635];
[0.405845, 0.909044, 0.094495];
[0.417995, 0.901222, 0.114367];
[0.432429, 0.891984, 0.131792];
[0.448892, 0.881522, 0.146339];
[0.467074, 0.870057, 0.157614];
[0.486613, 0.857842, 0.165273];
[0.507093, 0.845154, 0.169031];
[0.507093, 0.845154, -0.169031];
[0.484593, 0.858734, -0.166569];
[0.462748, 0.871925, -0.160036];
[0.442084, 0.884407, -0.149617];
[0.423092, 0.895884, -0.135588];
[0.406217, 0.906086, -0.118306];
[0.391851, 0.914773, -0.098199];
[0.380324, 0.921745, -0.075758];
[0.371899, 0.926842, -0.051522];
[0.366767, 0.929947, -0.026068];
[0.365043, 0.930990, 0.000000];
[0.366767, 0.929947, 0.026068];
[0.371899, 0.926842, 0.051522];
[0.380324, 0.921745, 0.075758];
[0.391851, 0.914773, 0.098199];
[0.406217, 0.906086, 0.118306];
[0.423092, 0.895884, 0.135588];
[0.442084, 0.884407, 0.149617];
[0.462748, 0.871925, 0.160036];
[0.484593, 0.858734, 0.166569];
[0.507093, 0.845154, 0.169031];
[0.507093, 0.845154, -0.169031];
[0.484787, 0.858359, -0.167935];
[0.462792, 0.871418, -0.162647];
[0.441669, 0.883996, -0.153230];
[0.421975, 0.895755, -0.139856];
[0.404248, 0.906367, -0.122813];
[0.388981, 0.915526, -0.102501];
[0.376614, 0.922959, -0.079429];
[0.367506, 0.928441, -0.054195];
[0.361930, 0.931800, -0.027476];
[0.360053, 0.932932, 0.000000];
[0.361930, 0.931800, 0.027476];
[0.367506, 0.928441, 0.054195];
[0.376614, 0.922959, 0.079429];
[0.388981, 0.915526, 0.102501];
[0.404248, 0.906367, 0.122813];
[0.421975, 0.895755, 0.139856];
[0.441669, 0.883996, 0.153230];
[0.462792, 0.871418, 0.162647];
[0.484787, 0.858359, 0.167935];
[0.507093, 0.845154, 0.169031];
[0.507093, 0.845154, -0.169031];
[0.487228, 0.856720, -0.169234];
[0.467408, 0.868471, -0.165193];
[0.448146, 0.880095, -0.156834];
[0.429977, 0.891249, -0.144207];
[0.413437, 0.901562, -0.127500];
[0.399048, 0.910659, -0.107054];
[0.387288, 0.918182, -0.083369];
[0.378567, 0.923811, -0.057095];
[0.373202, 0.927296, -0.029012];
[0.371391, 0.928477, 0.000000];
[0.373202, 0.927296, 0.029012];
[0.378567, 0.923811, 0.057095];
[0.387288, 0.918182, 0.083369];
[0.399048, 0.910659, 0.107054];
[0.413437, 0.901562, 0.127500];
[0.429977, 0.891249, 0.144207];
[0.448146, 0.880095, 0.156834];
[0.467408, 0.868471, 0.165193];
[0.487228, 0.856720, 0.169234];
[0.507093, 0.845154, 0.169031]];
