[[-0.22114664634166381, -0.65849550788723032, 0.22154681406664500];
[-0.18643906673710300, -0.65709307550309870, 0.21853049685270082];
[-0.15266854916308373, -0.65567247277620966, 0.21013813841368839];
[-0.12068916889309095, -0.65415731850763559, 0.19656412575203075];
[-0.09129600318138453, -0.65258603519836667, 0.17817070495675597];
[-0.06518170580331395, -0.65109006407408043, 0.15546771236909454];
[-0.04296155972620461, -0.64973316547015258, 0.12903238880491338];
[-0.02517006483720059, -0.64849857922035381, 0.09951615995100470];
[-0.01217258043369641, -0.64759828443866208, 0.06766625186033570];
[-0.00429908800690303, -0.64692406984937545, 0.03422100930739896];
[-0.00161044842017729, -0.64683459513351738, -0.00000000000000026];
[-0.00429908800690333, -0.64692406984937434, -0.03422100930739944];
[-0.01217258043369814, -0.64759828443865697, -0.06766625186033567];
[-0.02517006483720347, -0.64849857922034504, -0.09951615995100392];
[-0.04296155972620774, -0.64973316547014259, -0.12903238880491197];
[-0.06518170580331685, -0.65109006407407022, -0.15546771236909271];
[-0.09129600318138738, -0.65258603519835523, -0.17817070495675355];
[-0.12068916889309320, -0.65415731850762482, -0.19656412575202822];
[-0.15266854916308570, -0.65567247277619745, -0.21013813841368520];
[-0.18643906673710450, -0.65709307550308571, -0.21853049685269724];
[-0.22114664634166467, -0.65849550788721800, -0.22154681406664165];
[-0.22114664634166381, -0.65849550788723032, 0.22154681406664500];
[-0.18824743880192316, -0.64697037961082160, 0.21871202259222830];
[-0.15618661242498183, -0.63564212476553095, 0.21047113922664668];
[-0.12577980133554256, -0.62475465277293274, 0.19702222118141985];
[-0.09778147001769712, -0.61452595914414121, 0.17870259624989060];
[-0.07287334723590039, -0.60532729091982718, 0.15602086485561026];
[-0.05168856818500488, -0.59730211151613744, 0.12953140664689225];
[-0.03470791825340341, -0.59073647329027923, 0.09992306537856796];
[-0.02229685999454622, -0.58591937374392966, 0.06795185850888028];
[-0.01474381137673980, -0.58296650085135227, 0.03437739266361607];
[-0.01222164388838024, -0.58192809688423464, -0.00000000000000027];
[-0.01474381137674003, -0.58296650085135149, -0.03437739266361658];
[-0.02229685999454817, -0.58591937374392433, -0.06795185850888025];
[-0.03470791825340577, -0.59073647329027201, -0.09992306537856741];
[-0.05168856818500748, -0.59730211151612911, -0.12953140664689103];
[-0.07287334723590284, -0.60532729091981874, -0.15602086485560876];
[-0.09778147001769966, -0.61452595914413100, -0.17870259624988830];
[-0.12577980133554498, -0.62475465277292130, -0.19702222118141705];
[-0.15618661242498358, -0.63564212476552018, -0.21047113922664393];
[-0.18824743880192460, -0.64697037961080972, -0.21871202259222502];
[-0.22114664634166467, -0.65849550788721800, -0.22154681406664165];
[-0.22114664634166381, -0.65849550788723032, 0.22154681406664500];
[-0.19328531495985174, -0.63797334977281994, 0.21891310061835881];
[-0.16608079878264845, -0.61783814909714185, 0.21084700809197102];
[-0.14023118939384832, -0.59851514919777593, 0.19752154198654201];
[-0.11637116305455994, -0.58060942287726869, 0.17931387657803907];
[-0.09511697539886335, -0.56449191378949648, 0.15665925646054896];
[-0.07699693415095867, -0.55061723438645005, 0.13014559068380929];
[-0.06243714219467941, -0.53939480144052898, 0.10046152400808027];
[-0.05179631487157435, -0.53111052300905293, 0.06833953262400312];
[-0.04531506011745021, -0.52603942820995142, 0.03458240429943780];
[-0.04314140323528640, -0.52432788071083147, -0.00000000000000029];
[-0.04531506011745079, -0.52603942820995031, -0.03458240429943834];
[-0.05179631487157580, -0.53111052300904849, -0.06833953262400318];
[-0.06243714219468151, -0.53939480144052310, -0.10046152400807977];
[-0.07699693415096077, -0.55061723438644361, -0.13014559068380846];
[-0.09511697539886556, -0.56449191378948871, -0.15665925646054746];
[-0.11637116305456219, -0.58060942287725958, -0.17931387657803699];
[-0.14023118939385035, -0.59851514919776549, -0.19752154198653932];
[-0.16608079878265017, -0.61783814909713053, -0.21084700809196791];
[-0.19328531495985316, -0.63797334977280784, -0.21891310061835556];
[-0.22114664634166467, -0.65849550788721800, -0.22154681406664165];
[-0.22114664634166381, -0.65849550788723032, 0.22154681406664500];
[-0.20105834374620424, -0.63094050439919436, 0.21909104262263943];
[-0.18140653830052794, -0.60394351398980406, 0.21120292846878674];
[-0.16269091840100833, -0.57811206904177093, 0.19803911430016921];
[-0.14537779034608442, -0.55416874100806124, 0.17993828590530681];
[-0.12990383213426845, -0.53273838777809390, 0.15735321335846952];
[-0.11668096291424893, -0.51430260239511760, 0.13082903287884148];
[-0.10602919265768715, -0.49940491425668193, 0.10105283856686585];
[-0.09821796720444712, -0.48846893338640146, 0.06878262895453041];
[-0.09346117049292044, -0.48174835557070927, 0.03481627030462392];
[-0.09186599077797433, -0.47946347295096603, -0.00000000000000032];
[-0.09346117049292084, -0.48174835557070833, -0.03481627030462447];
[-0.09821796720444824, -0.48846893338639757, -0.06878262895453061];
[-0.10602919265768848, -0.49940491425667788, -0.10105283856686569];
[-0.11668096291425038, -0.51430260239511272, -0.13082903287884096];
[-0.12990383213427004, -0.53273838777808757, -0.15735321335846841];
[-0.14537779034608611, -0.55416874100805324, -0.17993828590530495];
[-0.16269091840101008, -0.57811206904176116, -0.19803911430016657];
[-0.18140653830052941, -0.60394351398979340, -0.21120292846878377];
[-0.20105834374620540, -0.63094050439918303, -0.21909104262263632];
[-0.22114664634166467, -0.65849550788721800, -0.22154681406664165];
[-0.22114664634166381, -0.65849550788723032, 0.22154681406664500];
[-0.21082057752357233, -0.62658181198474883, 0.21923690220667538];
[-0.20069432673504117, -0.59531589806620133, 0.21149477775015116];
[-0.19102423808965746, -0.56551095803825391, 0.19849214017737990];
[-0.18205334826930430, -0.53784223581659640, 0.18049800750196168];
[-0.17400626014758580, -0.51311026263829140, 0.15797853633578196];
[-0.16711024131749910, -0.49183483482195756, 0.13144807457493124];
[-0.16152835744576607, -0.47468068023838200, 0.10160529151411291];
[-0.15742505522232428, -0.46207539581418872, 0.06919380243097735];
[-0.15490915037262051, -0.45439611734250573, 0.03504072682555578];
[-0.15406276274817013, -0.45179036732230404, -0.00000000000000035];
[-0.15490915037262076, -0.45439611734250535, -0.03504072682555646];
[-0.15742505522232481, -0.46207539581418650, -0.06919380243097774];
[-0.16152835744576680, -0.47468068023837900, -0.10160529151411297];
[-0.16711024131750013, -0.49183483482195300, -0.13144807457493077];
[-0.17400626014758697, -0.51311026263828508, -0.15797853633578071];
[-0.18205334826930553, -0.53784223581658941, -0.18049800750196010];
[-0.19102423808965868, -0.56551095803824525, -0.19849214017737765];
[-0.20069432673504228, -0.59531589806619134, -0.21149477775014844];
[-0.21082057752357342, -0.62658181198473784, -0.21923690220667233];
[-0.22114664634166467, -0.65849550788721800, -0.22154681406664165];
[-0.22114664634166381, -0.65849550788723032, 0.22154681406664500];
[-0.22160218412222002, -0.62533111502475436, 0.21934058186083497];
[-0.22203691191333597, -0.59293153724680014, 0.21172904684315544];
[-0.22243964954139472, -0.56197649222364165, 0.19882095064727306];
[-0.22279978467901046, -0.53314792539287714, 0.18086855665928459];
[-0.22310263350965898, -0.50750026863918618, 0.15840198132773800];
[-0.22334543415305469, -0.48544756175702486, 0.13188139636763618];
[-0.22352517681676748, -0.46764460617591314, 0.10198889164962539];
[-0.22364437969854462, -0.45461060537276959, 0.06948872280109590];
[-0.22371101378690708, -0.44664315188262582, 0.03519650273819497];
[-0.22373199206197458, -0.44397511367004483, -0.00000000000000038];
[-0.22371101378690722, -0.44664315188262549, -0.03519650273819571];
[-0.22364437969854484, -0.45461060537276754, -0.06948872280109637];
[-0.22352517681676790, -0.46764460617591036, -0.10198889164962556];
[-0.22334543415305516, -0.48544756175702081, -0.13188139636763588];
[-0.22310263350965959, -0.50750026863918063, -0.15840198132773706];
[-0.22279978467901126, -0.53314792539287015, -0.18086855665928298];
[-0.22243964954139545, -0.56197649222363333, -0.19882095064727096];
[-0.22203691191333674, -0.59293153724679082, -0.21172904684315294];
[-0.22160218412222088, -0.62533111502474392, -0.21934058186083205];
[-0.22114664634166467, -0.65849550788721800, -0.22154681406664165];
[-0.22114664634166381, -0.65849550788723032, 0.22154681406664500];
[-0.23234622089378135, -0.62735688441109472, 0.21939236017664782];
[-0.24332461296507066, -0.59683981807945730, 0.21180326093418628];
[-0.25379961831783487, -0.56774723387527470, 0.19893786969777733];
[-0.26350616813484934, -0.54074060753582276, 0.18104941654958198];
[-0.27219536820147366, -0.51661106475308738, 0.15858992098052091];
[-0.27962633951732602, -0.49586537434480177, 0.13206072506683331];
[-0.28562209951222284, -0.47915359073954533, 0.10215190716087216];
[-0.29001609252064559, -0.46688479693911206, 0.06960665153356801];
[-0.29270179198685031, -0.45941779861242715, 0.03526337523923246];
[-0.29360451345787414, -0.45688445558322549, -0.00000000000000041];
[-0.29270179198685059, -0.45941779861242710, -0.03526337523923329];
[-0.29001609252064559, -0.46688479693911011, -0.06960665153356854];
[-0.28562209951222306, -0.47915359073954333, -0.10215190716087255];
[-0.27962633951732618, -0.49586537434479888, -0.13206072506683331];
[-0.27219536820147389, -0.51661106475308272, -0.15858992098052030];
[-0.26350616813484967, -0.54074060753581654, -0.18104941654958073];
[-0.25379961831783526, -0.56774723387526693, -0.19893786969777544];
[-0.24332461296507127, -0.59683981807944864, -0.21180326093418400];
[-0.23234622089378199, -0.62735688441108406, -0.21939236017664493];
[-0.22114664634166467, -0.65849550788721800, -0.22154681406664165];
[-0.22114664634166381, -0.65849550788723032, 0.22154681406664500];
[-0.24199835955078372, -0.63241671774329600, 0.21938517915934233];
[-0.26243729787592940, -0.60685102862087681, 0.21178369057283639];
[-0.28194377396127179, -0.58238309817752942, 0.19887284131413502];
[-0.30002492731250069, -0.55971499814899850, 0.18096447937646110];
[-0.31621693778436510, -0.53944709183871620, 0.15848455892409249];
[-0.33008286706439061, -0.52203772734431697, 0.13195682928806796];
[-0.34127299921958826, -0.50799764708497253, 0.10205412981695897];
[-0.34949153937392452, -0.49771550270215453, 0.06953590653086733];
[-0.35450378273875999, -0.49140709037892011, 0.03522153087000722];
[-0.35618656706914564, -0.48926272394161130, -0.00000000000000042];
[-0.35450378273876021, -0.49140709037892039, -0.03522153087000808];
[-0.34949153937392435, -0.49771550270215253, -0.06953590653086793];
[-0.34127299921958820, -0.50799764708497019, -0.10205412981695937];
[-0.33008286706439072, -0.52203772734431464, -0.13195682928806818];
[-0.31621693778436505, -0.53944709183871220, -0.15848455892409211];
[-0.30002492731250063, -0.55971499814899195, -0.18096447937645987];
[-0.28194377396127185, -0.58238309817752176, -0.19887284131413324];
[-0.26243729787592979, -0.60685102862086826, -0.21178369057283425];
[-0.24199835955078428, -0.63241671774328523, -0.21938517915933942];
[-0.22114664634166467, -0.65849550788721800, -0.22154681406664165];
[-0.22114664634166381, -0.65849550788723032, 0.22154681406664500];
[-0.24959357406152954, -0.64000864915629307, 0.21931450398370222];
[-0.27746244765400674, -0.62185475857318828, 0.21163272532871788];
[-0.30403831592122993, -0.60442921190927368, 0.19864011765583242];
[-0.32865668759712957, -0.58830290860265577, 0.18067796987254553];
[-0.35067103237637642, -0.57381271187523619, 0.15814963402971186];
[-0.36951239267043517, -0.56137505651014719, 0.13161800718680769];
[-0.38470743331213525, -0.55135049626567645, 0.10175783031065086];
[-0.39585046164438886, -0.54397578388341883, 0.06930794347438632];
[-0.40265475676938278, -0.53947530131246701, 0.03510089706850578];
[-0.40494011203929525, -0.53795852341922745, -0.00000000000000043];
[-0.40265475676938284, -0.53947530131246701, -0.03510089706850664];
[-0.39585046164438831, -0.54397578388341616, -0.06930794347438683];
[-0.38470743331213492, -0.55135049626567401, -0.10175783031065129];
[-0.36951239267043495, -0.56137505651014430, -0.13161800718680786];
[-0.35067103237637642, -0.57381271187523275, -0.15814963402971174];
[-0.32865668759712968, -0.58830290860265189, -0.18067796987254520];
[-0.30403831592122982, -0.60442921190926602, -0.19864011765583076];
[-0.27746244765400685, -0.62185475857317885, -0.21163272532871555];
[-0.24959357406152996, -0.64000864915628286, -0.21931450398369950];
[-0.22114664634166467, -0.65849550788721800, -0.22154681406664165];
[-0.22114664634166381, -0.65849550788723032, 0.22154681406664500];
[-0.25439673114366651, -0.64936726033248848, 0.21917856094859486];
[-0.28692999494071680, -0.64038374900898531, 0.21137482510708894];
[-0.31791420831397893, -0.63175090310659554, 0.19829465985201880];
[-0.34656864410592814, -0.62364187942238292, 0.18023686812881609];
[-0.37217082660335760, -0.61638358135386795, 0.15767826510538108];
[-0.39404294446863752, -0.61006579520838944, 0.13115033143764707];
[-0.41164684280253266, -0.60491499380445546, 0.10133345749923502];
[-0.42455754915106403, -0.60116616995512751, 0.06899660255650820];
[-0.43243486980206869, -0.59887862982986262, 0.03493349351133278];
[-0.43507089956421557, -0.59806634514942458, -0.00000000000000043];
[-0.43243486980206891, -0.59887862982986306, -0.03493349351133368];
[-0.42455754915106314, -0.60116616995512373, -0.06899660255650865];
[-0.41164684280253228, -0.60491499380445257, -0.10133345749923539];
[-0.39404294446863725, -0.61006579520838622, -0.13115033143764726];
[-0.37217082660335732, -0.61638358135386395, -0.15767826510538091];
[-0.34656864410592786, -0.62364187942237737, -0.18023686812881537];
[-0.31791420831397871, -0.63175090310658744, -0.19829465985201705];
[-0.28692999494071675, -0.64038374900897621, -0.21137482510708683];
[-0.25439673114366690, -0.64936726033247771, -0.21917856094859203];
[-0.22114664634166467, -0.65849550788721800, -0.22154681406664165];
[-0.22114664634166381, -0.65849550788723032, 0.22154681406664500];
[-0.25592965169528192, -0.65961877101469379, 0.21901523671054585];
[-0.28991400424213437, -0.66067979254050990, 0.21106605688086164];
[-0.32223315991723872, -0.66155702178442366, 0.19785454704574751];
[-0.35206569145817124, -0.66223878879000364, 0.17970782470298108];
[-0.37867931574990760, -0.66280028631147292, 0.15710776048241418];
[-0.40141308260158698, -0.66324727302718733, 0.13061558786016339];
[-0.41968350983871311, -0.66350074158663652, 0.10088148445340249];
[-0.43306869807667348, -0.66371439952576627, 0.06866914171888265];
[-0.44119898144641018, -0.66373034699215738, 0.03475198705549676];
[-0.44397269616506679, -0.66387662834984196, -0.00000000000000043];
[-0.44119898144641034, -0.66373034699215772, -0.03475198705549762];
[-0.43306869807667264, -0.66371439952576194, -0.06866914171888307];
[-0.41968350983871183, -0.66350074158663108, -0.10088148445340255];
[-0.40141308260158648, -0.66324727302718345, -0.13061558786016350];
[-0.37867931574990715, -0.66280028631146859, -0.15710776048241404];
[-0.35206569145817090, -0.66223878878999820, -0.17970782470298038];
[-0.32223315991723839, -0.66155702178441700, -0.19785454704574637];
[-0.28991400424213426, -0.66067979254050024, -0.21106605688085939];
[-0.25592965169528220, -0.65961877101468280, -0.21901523671054302];
[-0.22114664634166467, -0.65849550788721800, -0.22154681406664165];
[-0.22114664634166381, -0.65849550788723032, 0.22154681406664500];
[-0.25406184507668084, -0.66984069240416699, 0.21886469747491547];
[-0.28615334898087919, -0.68067106308704561, 0.21071030934016940];
[-0.31664389836747520, -0.69102192437576193, 0.19739784313190134];
[-0.34473464537313131, -0.70035776304174058, 0.17916673009537609];
[-0.36976499636777915, -0.70862879268541090, 0.15653656430005722];
[-0.39112358461011842, -0.71566268373352937, 0.13007239033623350];
[-0.40827308039025734, -0.72124956485811542, 0.10042519893156751];
[-0.42083123721289295, -0.72534994603613256, 0.06833734150542861];
[-0.42849748921542946, -0.72787545801373243, 0.03458777057786454];
[-0.43107636538158756, -0.72874339433654178, -0.00000000000000041];
[-0.42849748921542985, -0.72787545801373277, -0.03458777057786536];
[-0.42083123721289306, -0.72534994603613168, -0.06833734150542936];
[-0.40827308039025645, -0.72124956485811043, -0.10042519893156762];
[-0.39112358461011770, -0.71566268373352393, -0.13007239033623336];
[-0.36976499636777899, -0.70862879268540635, -0.15653656430005697];
[-0.34473464537313081, -0.70035776304173303, -0.17916673009537493];
[-0.31664389836747503, -0.69102192437575416, -0.19739784313189992];
[-0.28615334898087907, -0.68067106308703551, -0.21071030934016707];
[-0.25406184507668117, -0.66984069240415511, -0.21886469747491238];
[-0.22114664634166467, -0.65849550788721800, -0.22154681406664165];
[-0.22114664634166381, -0.65849550788723032, 0.22154681406664500];
[-0.24896896381823819, -0.67878226390737817, 0.21865527825755782];
[-0.27606548110894336, -0.69857912066622019, 0.21040491912178552];
[-0.30175090329328963, -0.71718433686228966, 0.19694549312756340];
[-0.32540638503822300, -0.73427497267842168, 0.17866274106119953];
[-0.34645420473637845, -0.74941668001182404, 0.15601882813450246];
[-0.36439652499137926, -0.76229480501013325, 0.12958769214682289];
[-0.37880676913249844, -0.77266125481698755, 0.10002967143770468];
[-0.38933854564822001, -0.78016067619195584, 0.06804751972825226];
[-0.39576720636652657, -0.78478124391656034, 0.03443879405170753];
[-0.39790924056406762, -0.78625583886216599, -0.00000000000000038];
[-0.39576720636652668, -0.78478124391656023, -0.03443879405170829];
[-0.38933854564821990, -0.78016067619195506, -0.06804751972825294];
[-0.37880676913249761, -0.77266125481698089, -0.10002967143770466];
[-0.36439652499137853, -0.76229480501012636, -0.12958769214682248];
[-0.34645420473637795, -0.74941668001181738, -0.15601882813450185];
[-0.32540638503822256, -0.73427497267841457, -0.17866274106119856];
[-0.30175090329328963, -0.71718433686228211, -0.19694549312756213];
[-0.27606548110894347, -0.69857912066621175, -0.21040491912178380];
[-0.24896896381823871, -0.67878226390736673, -0.21865527825755490];
[-0.22114664634166467, -0.65849550788721800, -0.22154681406664165];
[-0.22114664634166381, -0.65849550788723032, 0.22154681406664500];
[-0.24117108238953050, -0.68588795283962378, 0.21851686172189994];
[-0.26064069580728488, -0.71245857466855977, 0.21010821910418850];
[-0.27907495986235420, -0.73759932904956382, 0.19655984146654820];
[-0.29603354941192656, -0.76066829250942414, 0.17822294134696892];
[-0.31111881770447769, -0.78120795936848975, 0.15558486870978369];
[-0.32395308735179545, -0.79856029288841046, 0.12916841309631760];
[-0.33427769325835682, -0.81265825346542353, 0.09968749290194025];
[-0.34181650539851283, -0.82291048268538614, 0.06781008770105953];
[-0.34638809890496119, -0.82896254339287423, 0.03430656472444532];
[-0.34793581207034141, -0.83111788642718332, -0.00000000000000036];
[-0.34638809890496131, -0.82896254339287401, -0.03430656472444602];
[-0.34181650539851277, -0.82291048268538369, -0.06781008770106003];
[-0.33427769325835610, -0.81265825346541543, -0.09968749290194000];
[-0.32395308735179501, -0.79856029288840236, -0.12916841309631705];
[-0.31111881770447730, -0.78120795936848109, -0.15558486870978275];
[-0.29603354941192656, -0.76066829250941581, -0.17822294134696778];
[-0.27907495986235414, -0.73759932904955350, -0.19655984146654620];
[-0.26064069580728511, -0.71245857466854978, -0.21010821910418637];
[-0.24117108238953108, -0.68588795283961068, -0.21851686172189655];
[-0.22114664634166467, -0.65849550788721800, -0.22154681406664165];
[-0.22114664634166381, -0.65849550788723032, 0.22154681406664500];
[-0.23142393662114419, -0.69017305262692019, 0.21836415392672714];
[-0.24140711093501241, -0.72105445114266575, 0.20987435301049445];
[-0.25084068953029942, -0.75016099764020672, 0.19623916860100676];
[-0.25951564017865131, -0.77683494926189267, 0.17784517060206279];
[-0.26722208408852832, -0.80070463995317709, 0.15520908359311295];
[-0.27378587078503563, -0.82100693828627935, 0.12884882249551494];
[-0.27905103812908461, -0.83723766140581979, 0.09940882754435469];
[-0.28288635000458123, -0.84893828701701246, 0.06759355877466235];
[-0.28524039238287296, -0.85626473912445611, 0.03420207582348574];
[-0.28602706900826375, -0.85875980023220144, -0.00000000000000033];
[-0.28524039238287296, -0.85626473912445533, -0.03420207582348637];
[-0.28288635000458129, -0.84893828701701135, -0.06759355877466289];
[-0.27905103812908438, -0.83723766140581002, -0.09940882754435418];
[-0.27378587078503558, -0.82100693828627014, -0.12884882249551419];
[-0.26722208408852838, -0.80070463995316754, -0.15520908359311172];
[-0.25951564017865153, -0.77683494926188301, -0.17784517060206134];
[-0.25084068953029981, -0.75016099764019639, -0.19623916860100485];
[-0.24140711093501291, -0.72105445114265543, -0.20987435301049220];
[-0.23142393662114491, -0.69017305262690853, -0.21836415392672423];
[-0.22114664634166467, -0.65849550788721800, -0.22154681406664165];
[-0.22114664634166381, -0.65849550788723032, 0.22154681406664500];
[-0.22068674890325624, -0.69141308568191773, 0.21827489808161349];
[-0.22023213342833681, -0.72352012066173321, 0.20971275377827855];
[-0.21980117754758730, -0.75367614694380880, 0.19600472393663904];
[-0.21940021592052183, -0.78151485186186176, 0.17760903128559596];
[-0.21904158037633994, -0.80627864056401521, 0.15496157434107863];
[-0.21873729637759903, -0.82720638797122459, 0.12859650160903513];
[-0.21848850591971883, -0.84425244188173254, 0.09922256898983053];
[-0.21831220313737659, -0.85632302416037887, 0.06745274127004895];
[-0.21820023794612126, -0.86396636137146454, 0.03412948624041440];
[-0.21816211031090615, -0.86656709484534888, -0.00000000000000030];
[-0.21820023794612137, -0.86396636137146376, -0.03412948624041497];
[-0.21831220313737681, -0.85632302416037731, -0.06745274127004944];
[-0.21848850591971924, -0.84425244188172199, -0.09922256898982990];
[-0.21873729637759950, -0.82720638797121415, -0.12859650160903419];
[-0.21904158037634064, -0.80627864056400489, -0.15496157434107735];
[-0.21940021592052250, -0.78151485186185077, -0.17760903128559408];
[-0.21980117754758810, -0.75367614694379703, -0.19600472393663665];
[-0.22023213342833745, -0.72352012066172244, -0.20971275377827614];
[-0.22068674890325707, -0.69141308568190596, -0.21827489808161057];
[-0.22114664634166467, -0.65849550788721800, -0.22154681406664165];
[-0.22114664634166381, -0.65849550788723032, 0.22154681406664500];
[-0.21000216094574251, -0.68938679341350473, 0.21821937823984477];
[-0.19917483308708650, -0.71949126048857126, 0.20960784408450592];
[-0.18894900679423338, -0.74784272581300071, 0.19588084888248775];
[-0.17955139446399940, -0.77381049030111260, 0.17743317176256407];
[-0.17120108776266238, -0.79703681843332341, 0.15478309761292966];
[-0.16409224710333067, -0.81678344475204800, 0.12844953658616817];
[-0.15839340476739117, -0.83256180128148460, 0.09907292404268481];
[-0.15424721517033252, -0.84392623858654847, 0.06735122319316526];
[-0.15169833495327045, -0.85104578837939415, 0.03407522190465889];
[-0.15084528610580153, -0.85347030856279138, -0.00000000000000028];
[-0.15169833495327059, -0.85104578837939326, -0.03407522190465940];
[-0.15424721517033299, -0.84392623858654581, -0.06735122319316562];
[-0.15839340476739239, -0.83256180128147439, -0.09907292404268414];
[-0.16409224710333178, -0.81678344475203768, -0.12844953658616709];
[-0.17120108776266368, -0.79703681843331176, -0.15478309761292802];
[-0.17955139446400054, -0.77381049030110094, -0.17743317176256207];
[-0.18894900679423457, -0.74784272581298761, -0.19588084888248494];
[-0.19917483308708775, -0.71949126048855960, -0.20960784408450314];
[-0.21000216094574353, -0.68938679341349307, -0.21821937823984183];
[-0.22114664634166467, -0.65849550788721800, -0.22154681406664165];
[-0.22114664634166381, -0.65849550788723032, 0.22154681406664500];
[-0.20040266227934359, -0.68439545012398562, 0.21824056658644878];
[-0.18027217752240451, -0.70948761378961944, 0.20959530634823323];
[-0.16124600639101430, -0.73319807336259146, 0.19586784688336809];
[-0.14377336400791313, -0.75492331801417811, 0.17742288509019058];
[-0.12825339674795291, -0.77424242223633222, 0.15475471557104017];
[-0.11507048960645416, -0.79053611744090857, 0.12838707679816788];
[-0.10447295023045436, -0.80376727237738943, 0.09902771798230163];
[-0.09674255728108760, -0.81337960783300478, 0.06733333332738574];
[-0.09206264751859182, -0.81904061964827868, 0.03405676992700669];
[-0.09047567877520486, -0.82106154159226930, -0.00000000000000026];
[-0.09206264751859222, -0.81904061964827668, -0.03405676992700714];
[-0.09674255728108869, -0.81337960783299967, -0.06733333332738588];
[-0.10447295023045626, -0.80376727237737777, -0.09902771798230073];
[-0.11507048960645626, -0.79053611744089614, -0.12838707679816644];
[-0.12825339674795461, -0.77424242223632189, -0.15475471557103876];
[-0.14377336400791482, -0.75492331801416723, -0.17742288509018869];
[-0.16124600639101602, -0.73319807336257836, -0.19586784688336531];
[-0.18027217752240593, -0.70948761378960801, -0.20959530634823056];
[-0.20040266227934481, -0.68439545012397363, -0.21824056658644569];
[-0.22114664634166467, -0.65849550788721800, -0.22154681406664165];
[-0.22114664634166381, -0.65849550788723032, 0.22154681406664500];
[-0.19283376194181812, -0.67673112658712187, 0.21827186209462532];
[-0.16534030842488676, -0.69449871657005535, 0.20968686915340834];
[-0.13935741201487906, -0.71114451682562918, 0.19596954095853455];
[-0.11549355567525264, -0.72638975912827286, 0.17752536495422153];
[-0.09431445967213462, -0.73985516872950230, 0.15483058638169619];
[-0.07630113561153692, -0.75127289282285425, 0.12846222001932495];
[-0.06186015991654761, -0.76044484011465630, 0.09907468273730485];
[-0.05132402357318970, -0.76705792021912822, 0.06735472014429973];
[-0.04489813611665828, -0.77113098197163588, 0.03407478144164387];
[-0.04275997917469368, -0.77242322024865939, -0.00000000000000025];
[-0.04489813611665873, -0.77113098197163421, -0.03407478144164428];
[-0.05132402357319112, -0.76705792021912311, -0.06735472014429977];
[-0.06186015991655010, -0.76044484011464575, -0.09907468273730403];
[-0.07630113561153934, -0.75127289282284360, -0.12846222001932373];
[-0.09431445967213702, -0.73985516872949131, -0.15483058638169447];
[-0.11549355567525475, -0.72638975912826220, -0.17752536495421953];
[-0.13935741201488114, -0.71114451682561719, -0.19596954095853189];
[-0.16534030842488848, -0.69449871657004347, -0.20968686915340543];
[-0.19283376194181948, -0.67673112658710943, -0.21827186209462207];
[-0.22114664634166467, -0.65849550788721800, -0.22154681406664165];
[-0.22114664634166381, -0.65849550788723032, 0.22154681406664500];
[-0.18801342722368466, -0.66743360793228446, 0.21840914907197251];
[-0.15583749519370646, -0.67589057216422666, 0.20984844647985548];
[-0.12537668228217738, -0.68394861087304293, 0.19621350267477469];
[-0.09741909436834686, -0.69112631489558018, 0.17777258839062682];
[-0.07259248879604695, -0.69743055482050065, 0.15506593367528565];
[-0.05147366490743375, -0.70274742379798616, 0.12866773893723449];
[-0.03456465802512854, -0.70692468232475159, 0.09922481767922527];
[-0.02220934057934978, -0.70997408899656889, 0.06746177270838351];
[-0.01467750503222505, -0.71185056403281377, 0.03412625613478422];
[-0.01214545451496438, -0.71249805652978493, -0.00000000000000025];
[-0.01467750503222548, -0.71185056403281288, -0.03412625613478468];
[-0.02220934057935141, -0.70997408899656345, -0.06746177270838351];
[-0.03456465802513116, -0.70692468232474226, -0.09922481767922456];
[-0.05147366490743668, -0.70274742379797506, -0.12866773893723316];
[-0.07259248879604971, -0.69743055482048966, -0.15506593367528385];
[-0.09741909436834985, -0.69112631489556664, -0.17777258839062399];
[-0.12537668228217971, -0.68394861087303094, -0.19621350267477194];
[-0.15583749519370854, -0.67589057216421344, -0.20984844647985218];
[-0.18801342722368611, -0.66743360793227169, -0.21840914907196907];
[-0.22114664634166467, -0.65849550788721800, -0.22154681406664165];
[-0.22114664634166381, -0.65849550788723032, 0.22154681406664500];
[-0.18643906673710300, -0.65709307550309870, 0.21853049685270082];
[-0.15266854916308373, -0.65567247277620966, 0.21013813841368839];
[-0.12068916889309095, -0.65415731850763559, 0.19656412575203075];
[-0.09129600318138453, -0.65258603519836667, 0.17817070495675597];
[-0.06518170580331395, -0.65109006407408043, 0.15546771236909454];
[-0.04296155972620461, -0.64973316547015258, 0.12903238880491338];
[-0.02517006483720059, -0.64849857922035381, 0.09951615995100470];
[-0.01217258043369641, -0.64759828443866208, 0.06766625186033570];
[-0.00429908800690303, -0.64692406984937545, 0.03422100930739896];
[-0.00161044842017729, -0.64683459513351738, -0.00000000000000026];
[-0.00429908800690333, -0.64692406984937434, -0.03422100930739944];
[-0.01217258043369814, -0.64759828443865697, -0.06766625186033567];
[-0.02517006483720347, -0.64849857922034504, -0.09951615995100392];
[-0.04296155972620774, -0.64973316547014259, -0.12903238880491197];
[-0.06518170580331685, -0.65109006407407022, -0.15546771236909271];
[-0.09129600318138738, -0.65258603519835523, -0.17817070495675355];
[-0.12068916889309320, -0.65415731850762482, -0.19656412575202822];
[-0.15266854916308570, -0.65567247277619745, -0.21013813841368520];
[-0.18643906673710450, -0.65709307550308571, -0.21853049685269724];
[-0.22114664634166467, -0.65849550788721800, -0.22154681406664165];
[-0.24453952769119569, 0.73837300740069689, 0.24409804560170079];
[-0.20645170895134363, 0.73972777451259719, 0.24134878834394310];
[-0.16919828274616933, 0.74135736279361963, 0.23273586580011604];
[-0.13369044387114484, 0.74306780737247580, 0.21838924886877484];
[-0.10080759868340367, 0.74478594448025548, 0.19861977551631146];
[-0.07135131548827427, 0.74653090754376328, 0.17390615725564701];
[-0.04607236092360826, 0.74820181248897855, 0.14481137134635988];
[-0.02566649262467911, 0.74956625455405201, 0.11200930169668308];
[-0.01065187672129096, 0.75070471872958500, 0.07633629956722893];
[-0.00151053564329477, 0.75128675724901439, 0.03866156025337631];
[0.00162427680381943, 0.75168676237476828, -0.00000000000000052];
[-0.00151053564329476, 0.75128675724901406, -0.03866156025337734];
[-0.01065187672129060, 0.75070471872958744, -0.07633629956723018];
[-0.02566649262467813, 0.74956625455405679, -0.11200930169668485];
[-0.04607236092360784, 0.74820181248898221, -0.14481137134636163];
[-0.07135131548827384, 0.74653090754376716, -0.17390615725564895];
[-0.10080759868340342, 0.74478594448026070, -0.19861977551631388];
[-0.13369044387114479, 0.74306780737248179, -0.21838924886877759];
[-0.16919828274616933, 0.74135736279362741, -0.23273586580011965];
[-0.20645170895134393, 0.73972777451260863, -0.24134878834394796];
[-0.24453952769119650, 0.73837300740070932, -0.24409804560170600];
[-0.24453952769119569, 0.73837300740069689, 0.24409804560170079];
[-0.20845702567725233, 0.75216633854039638, 0.24156284782729123];
[-0.17313198846382327, 0.76566764137308019, 0.23303899128633007];
[-0.13939600982494452, 0.77893268692064588, 0.21883115615651338];
[-0.10814073268051183, 0.79120204916108983, 0.19910830853736206];
[-0.08012229649157405, 0.80234826828695005, 0.17438809978872241];
[-0.05606824338776152, 0.81205496934348675, 0.14524342303163465];
[-0.03664872957849297, 0.81992438150148994, 0.11236380057857691];
[-0.02235988534170465, 0.82579676190023310, 0.07658142720887556];
[-0.01360554830650210, 0.82945513193578524, 0.03879942684443964];
[-0.01065396091903068, 0.83071817781663149, -0.00000000000000054];
[-0.01360554830650233, 0.82945513193578435, -0.03879942684444066];
[-0.02235988534170470, 0.82579676190023377, -0.07658142720887673];
[-0.03664872957849204, 0.81992438150149538, -0.11236380057857878];
[-0.05606824338776080, 0.81205496934349253, -0.14524342303163673];
[-0.08012229649157361, 0.80234826828695494, -0.17438809978872449];
[-0.10814073268051133, 0.79120204916109738, -0.19910830853736500];
[-0.13939600982494427, 0.77893268692065321, -0.21883115615651663];
[-0.17313198846382311, 0.76566764137309129, -0.23303899128633454];
[-0.20845702567725272, 0.75216633854040904, -0.24156284782729637];
[-0.24453952769119650, 0.73837300740070932, -0.24409804560170600];
[-0.24453952769119569, 0.73837300740069689, 0.24409804560170079];
[-0.21401690135108364, 0.76304655019997936, 0.24165463851942301];
[-0.18408693263350387, 0.78751273091884144, 0.23330959351431843];
[-0.15551100445936469, 0.81084490600471482, 0.21912139058264846];
[-0.12899787058027889, 0.83259950336915045, 0.19944170928106303];
[-0.10523698292189160, 0.85214358163073611, 0.17471016974764531];
[-0.08484431311870926, 0.86898063010895954, 0.14552029746204143];
[-0.06836616887010810, 0.88268889607030843, 0.11259385477706499];
[-0.05626852932996944, 0.89268773403568569, 0.07672950112473534];
[-0.04885659927651002, 0.89888880278518424, 0.03887590903560972];
[-0.04638703581235489, 0.90086727751520601, -0.00000000000000056];
[-0.04885659927651028, 0.89888880278518335, -0.03887590903561083];
[-0.05626852932996985, 0.89268773403568535, -0.07672950112473644];
[-0.06836616887010706, 0.88268889607031686, -0.11259385477706714];
[-0.08484431311870856, 0.86898063010896676, -0.14552029746204384];
[-0.10523698292189126, 0.85214358163074222, -0.17471016974764764];
[-0.12899787058027853, 0.83259950336915733, -0.19944170928106580];
[-0.15551100445936469, 0.81084490600472148, -0.21912139058265143];
[-0.18408693263350404, 0.78751273091884966, -0.23330959351432193];
[-0.21401690135108420, 0.76304655019998902, -0.24165463851942726];
[-0.24453952769119650, 0.73837300740070932, -0.24409804560170600];
[-0.24453952769119569, 0.73837300740069689, 0.24409804560170079];
[-0.22257056432679051, 0.77173448362265584, 0.24176482739933841];
[-0.20102219217467812, 0.80447772760474823, 0.23344052728006737];
[-0.18043988941653999, 0.83582367638257926, 0.21929020456336290];
[-0.16134495510045541, 0.86489760870024801, 0.19960894383229191];
[-0.14422264993499004, 0.89106164478992178, 0.17487901870980399];
[-0.12955507504343958, 0.91334814592385194, 0.14563358074345653];
[-0.11767825796678913, 0.93162258935197451, 0.11268444050960535];
[-0.10896599691330563, 0.94498676946124205, 0.07679620106007812];
[-0.10367302868217154, 0.95288012281775658, 0.03889558982404506];
[-0.10187329704348842, 0.95571386115579526, -0.00000000000000059];
[-0.10367302868217164, 0.95288012281775591, -0.03889558982404621];
[-0.10896599691330569, 0.94498676946124383, -0.07679620106007941];
[-0.11767825796678817, 0.93162258935198483, -0.11268444050960776];
[-0.12955507504343908, 0.91334814592386038, -0.14563358074345911];
[-0.14422264993498984, 0.89106164478992989, -0.17487901870980668];
[-0.16134495510045524, 0.86489760870025711, -0.19960894383229522];
[-0.18043988941653988, 0.83582367638259036, -0.21929020456336693];
[-0.20102219217467840, 0.80447772760475833, -0.23344052728007139];
[-0.22257056432679109, 0.77173448362266794, -0.24176482739934330];
[-0.24453952769119650, 0.73837300740070932, -0.24409804560170600];
[-0.24453952769119569, 0.73837300740069689, 0.24409804560170079];
[-0.23328933935558063, 0.77698566023392235, 0.24175566848796287];
[-0.22225129022665316, 0.81504069848278327, 0.23347224305816849];
[-0.21171899485779244, 0.85125460780320428, 0.21929931456736179];
[-0.20194664669368603, 0.88474747015860666, 0.19958110789429948];
[-0.19319083950176580, 0.91500862768258051, 0.17484682124071502];
[-0.18567921337842222, 0.94093799239960119, 0.14562782120395518];
[-0.17961796565465124, 0.96178990534367648, 0.11264973578040151];
[-0.17518416656526109, 0.97687116205833791, 0.07674094785962060];
[-0.17245107989883704, 0.98637977636265695, 0.03887782426972054];
[-0.17153506660029119, 0.98963048731100756, -0.00000000000000063];
[-0.17245107989883715, 0.98637977636265672, -0.03887782426972181];
[-0.17518416656526134, 0.97687116205833757, -0.07674094785962185];
[-0.17961796565465094, 0.96178990534368880, -0.11264973578040421];
[-0.18567921337842214, 0.94093799239961140, -0.14562782120395801];
[-0.19319083950176597, 0.91500862768259150, -0.17484682124071843];
[-0.20194664669368623, 0.88474747015861688, -0.19958110789430303];
[-0.21171899485779275, 0.85125460780321582, -0.21929931456736593];
[-0.22225129022665366, 0.81504069848279515, -0.23347224305817305];
[-0.23328933935558135, 0.77698566023393467, -0.24175566848796787];
[-0.24453952769119650, 0.73837300740070932, -0.24409804560170600];
[-0.24453952769119569, 0.73837300740069689, 0.24409804560170079];
[-0.24510800294324359, 0.77854796254523517, 0.24171573645364242];
[-0.24567458196493239, 0.81815377029069913, 0.23339808520629954];
[-0.24621539972633505, 0.85567809602697698, 0.21916428623449291];
[-0.24672275775488595, 0.89065726053962702, 0.19946332823293644];
[-0.24717984058966080, 0.92203061122196750, 0.17470863057189789];
[-0.24756976849487544, 0.94871043951735845, 0.14546002721921064];
[-0.24789103966486989, 0.97062311241417287, 0.11254099547105970];
[-0.24811853650902846, 0.98613390968988324, 0.07664927381734897];
[-0.24826428986283972, 0.99604561021849247, 0.03883077645878041];
[-0.24831406757864027, 0.99942823887908672, -0.00000000000000066];
[-0.24826428986283985, 0.99604561021849314, -0.03883077645878174];
[-0.24811853650902863, 0.98613390968988446, -0.07664927381735036];
[-0.24789103966487044, 0.97062311241418686, -0.11254099547106261];
[-0.24756976849487602, 0.94871043951737200, -0.14546002721921400];
[-0.24717984058966139, 0.92203061122198027, -0.17470863057190156];
[-0.24672275775488664, 0.89065726053963901, -0.19946332823294036];
[-0.24621539972633577, 0.85567809602698996, -0.21916428623449744];
[-0.24567458196493311, 0.81815377029071024, -0.23339808520630384];
[-0.24510800294324450, 0.77854796254524739, -0.24171573645364727];
[-0.24453952769119650, 0.73837300740070932, -0.24409804560170600];
[-0.24453952769119569, 0.73837300740069689, 0.24409804560170079];
[-0.25686292587561249, 0.77613365625259889, 0.24160045987917497];
[-0.26895667543491497, 0.81333829151145631, 0.23318503422043416];
[-0.28048929153584262, 0.84871622252856938, 0.21891081787829883];
[-0.29118267191938174, 0.88141967406300337, 0.19913198988768283];
[-0.30076722638323600, 0.91095408103077480, 0.17437998869940646];
[-0.30898587251049581, 0.93625068090337060, 0.14518828397874617];
[-0.31561319125405585, 0.95658373801662588, 0.11227860397940141];
[-0.32045421908468208, 0.97127700924229199, 0.07647243468200023];
[-0.32344433949390694, 0.98054573804531298, 0.03873701984980261];
[-0.32444824794439886, 0.98371436417001534, -0.00000000000000069];
[-0.32344433949390705, 0.98054573804531375, -0.03873701984980402];
[-0.32045421908468241, 0.97127700924229443, -0.07647243468200178];
[-0.31561319125405723, 0.95658373801664043, -0.11227860397940444];
[-0.30898587251049708, 0.93625068090338326, -0.14518828397874950];
[-0.30076722638323761, 0.91095408103078890, -0.17437998869941049];
[-0.29118267191938296, 0.88141967406301580, -0.19913198988768691];
[-0.28048929153584401, 0.84871622252858359, -0.21891081787830374];
[-0.26895667543491614, 0.81333829151146919, -0.23318503422043907];
[-0.25686292587561355, 0.77613365625261077, -0.24160045987917983];
[-0.24453952769119650, 0.73837300740070932, -0.24409804560170600];
[-0.24453952769119569, 0.73837300740069689, 0.24409804560170079];
[-0.26740296703092714, 0.77011862947864607, 0.24146894042500450];
[-0.28978879029121180, 0.80124605627038237, 0.23288842131090459];
[-0.31113627643076930, 0.83101316452031448, 0.21854133196730344];
[-0.33090893636308238, 0.85858928639967824, 0.19873858863855040];
[-0.34861575318861732, 0.88337975063772667, 0.17397143169037932];
[-0.36376033674226138, 0.90446483042651038, 0.14477559431880624];
[-0.37601689377596548, 0.92174759970307552, 0.11195720988504120];
[-0.38499905115596239, 0.93437565186901517, 0.07626924135741918];
[-0.39044579448938260, 0.94181794738314428, 0.03861903284884708];
[-0.39230162149820114, 0.94449576031615967, -0.00000000000000071];
[-0.39044579448938277, 0.94181794738314528, -0.03861903284884854];
[-0.38499905115596367, 0.93437565186902150, -0.07626924135742109];
[-0.37601689377596798, 0.92174759970308973, -0.11195720988504432];
[-0.36376033674226382, 0.90446483042652515, -0.14477559431881001];
[-0.34861575318861937, 0.88337975063773866, -0.17397143169038304];
[-0.33090893636308438, 0.85858928639969223, -0.19873858863855498];
[-0.31113627643077113, 0.83101316452032836, -0.21854133196730835];
[-0.28978879029121329, 0.80124605627039525, -0.23288842131090956];
[-0.26740296703092831, 0.77011862947866061, -0.24146894042501024];
[-0.24453952769119650, 0.73837300740070932, -0.24409804560170600];
[-0.24453952769119569, 0.73837300740069689, 0.24409804560170079];
[-0.27567801943615222, 0.76082841465099149, 0.24124451393883789];
[-0.30613097720408694, 0.78308329568109059, 0.23253828171406030];
[-0.33512459403466022, 0.80426244744004804, 0.21806834266804573];
[-0.36195761912889196, 0.82397077945908181, 0.19820869237641467];
[-0.38594864227935544, 0.84163971440813246, 0.17341616961141165];
[-0.40649578944668824, 0.85682899066912177, 0.14428948180010573];
[-0.42307132660292085, 0.86917918395659099, 0.11154572531814341];
[-0.43522048190184154, 0.87816440424412623, 0.07596705620909379];
[-0.44265853280035550, 0.88373633137477903, 0.03847460320370007];
[-0.44513298359607584, 0.88550520392751708, -0.00000000000000072];
[-0.44265853280035594, 0.88373633137478047, -0.03847460320370156];
[-0.43522048190184298, 0.87816440424413211, -0.07596705620909575];
[-0.42307132660292396, 0.86917918395660443, -0.11154572531814656];
[-0.40649578944669107, 0.85682899066913421, -0.14428948180010923];
[-0.38594864227935805, 0.84163971440814533, -0.17341616961141570];
[-0.36195761912889429, 0.82397077945909403, -0.19820869237641892];
[-0.33512459403466244, 0.80426244744006103, -0.21806834266805050];
[-0.30613097720408872, 0.78308329568110413, -0.23253828171406551];
[-0.27567801943615372, 0.76082841465100692, -0.24124451393884397];
[-0.24453952769119650, 0.73837300740070932, -0.24409804560170600];
[-0.24453952769119569, 0.73837300740069689, 0.24409804560170079];
[-0.28090566446034704, 0.74956695315552047, 0.24107628134959830];
[-0.31637734717752092, 0.76049245983850766, 0.23211581201717887];
[-0.35014306367459480, 0.77125293668577721, 0.21755816958892454];
[-0.38131601174240054, 0.78114724982459571, 0.19760406964609017];
[-0.40917270267340045, 0.79011168429849388, 0.17279508176413794];
[-0.43301944492137290, 0.79789834249212743, 0.14371612617286314];
[-0.45222070625903937, 0.80417971035233526, 0.11105425095539380];
[-0.46632092452377638, 0.80886061360710071, 0.07562371798128784];
[-0.47494876916902773, 0.81177979876233453, 0.03829377174189509];
[-0.47785614658916226, 0.81279104415551917, -0.00000000000000072];
[-0.47494876916902817, 0.81177979876233586, -0.03829377174189658];
[-0.46632092452377810, 0.80886061360710615, -0.07562371798128972];
[-0.45222070625904248, 0.80417971035234670, -0.11105425095539678];
[-0.43301944492137601, 0.79789834249213931, -0.14371612617286661];
[-0.40917270267340350, 0.79011168429850642, -0.17279508176414207];
[-0.38131601174240382, 0.78114724982461103, -0.19760406964609539];
[-0.35014306367459724, 0.77125293668579020, -0.21755816958892946];
[-0.31637734717752286, 0.76049245983852143, -0.23211581201718423];
[-0.28090566446034837, 0.74956695315553434, -0.24107628134960388];
[-0.24453952769119650, 0.73837300740070932, -0.24409804560170600];
[-0.24453952769119569, 0.73837300740069689, 0.24409804560170079];
[-0.28255061361231082, 0.73700469233057131, 0.24083188672015207];
[-0.31958841830465112, 0.73595359536806659, 0.23174513463276381];
[-0.35475211060591783, 0.73506988366316239, 0.21700861558754894];
[-0.38718744109353698, 0.73433189838088997, 0.19697078121170564];
[-0.41613268049209295, 0.73381955225193463, 0.17214141089094281];
[-0.44088295473502914, 0.73349739562352168, 0.14310246635949900];
[-0.46079220163660517, 0.73320655927887446, 0.11053129825345460];
[-0.47540322953691505, 0.73309828893516960, 0.07524807926833681];
[-0.48427516782037094, 0.73290468453548940, 0.03808451757224519];
[-0.48732193145733116, 0.73303851340781723, -0.00000000000000070];
[-0.48427516782037100, 0.73290468453548974, -0.03808451757224664];
[-0.47540322953691766, 0.73309828893517781, -0.07524807926833899];
[-0.46079220163660850, 0.73320655927888512, -0.11053129825345759];
[-0.44088295473503247, 0.73349739562353244, -0.14310246635950236];
[-0.41613268049209601, 0.73381955225194584, -0.17214141089094681];
[-0.38718744109353981, 0.73433189838090174, -0.19697078121171008];
[-0.35475211060592010, 0.73506988366317338, -0.21700861558755341];
[-0.31958841830465357, 0.73595359536808203, -0.23174513463276994];
[-0.28255061361231237, 0.73700469233058619, -0.24083188672015818];
[-0.24453952769119650, 0.73837300740070932, -0.24409804560170600];
[-0.24453952769119569, 0.73837300740069689, 0.24409804560170079];
[-0.28049082422189181, 0.72470874445580258, 0.24065008474697325];
[-0.31545735572180200, 0.71162222197131497, 0.23137731949048970];
[-0.34859641475378672, 0.69935731533107004, 0.21649882109378044];
[-0.37912343372402030, 0.68810447080431703, 0.19636339504409114];
[-0.40632644804366264, 0.67823248304626482, 0.17149922890607472];
[-0.42951763639264168, 0.66979797059609258, 0.14246418470795638];
[-0.44815903469172486, 0.66302650624012827, 0.10997453132596983];
[-0.46182853938463053, 0.65815806744876837, 0.07483673610791186];
[-0.47016822343322462, 0.65521310674253663, 0.03787832643060068];
[-0.47295422854745517, 0.65417159613537512, -0.00000000000000068];
[-0.47016822343322484, 0.65521310674253763, -0.03787832643060209];
[-0.46182853938463297, 0.65815806744877536, -0.07483673610791397];
[-0.44815903469172752, 0.66302650624013637, -0.10997453132597253];
[-0.42951763639264429, 0.66979797059610124, -0.14246418470795952];
[-0.40632644804366541, 0.67823248304627481, -0.17149922890607847];
[-0.37912343372402313, 0.68810447080432879, -0.19636339504409581];
[-0.34859641475378955, 0.69935731533108447, -0.21649882109378613];
[-0.31545735572180411, 0.71162222197132863, -0.23137731949049536];
[-0.28049082422189325, 0.72470874445581557, -0.24065008474697874];
[-0.24453952769119650, 0.73837300740070932, -0.24409804560170600];
[-0.24453952769119569, 0.73837300740069689, 0.24409804560170079];
[-0.27491831690945218, 0.71377033348150820, 0.24051829682183568];
[-0.30442466235732135, 0.68998567122310317, 0.23109326314804002];
[-0.33234081475622307, 0.66747542383228686, 0.21605216320821993];
[-0.35802857429476265, 0.64690849781381887, 0.19583528481439488];
[-0.38086402225606503, 0.62863160449691002, 0.17090725174088237];
[-0.40031458962606409, 0.61309072185998470, 0.14188694601013713];
[-0.41594429588916954, 0.60066244513886646, 0.10948868495499721];
[-0.42737342066574263, 0.59157140606843062, 0.07447208264318690];
[-0.43434053777159504, 0.58604572704722613, 0.03768564657469137];
[-0.43667827026106060, 0.58418726892954176, -0.00000000000000066];
[-0.43434053777159531, 0.58604572704722657, -0.03768564657469272];
[-0.42737342066574413, 0.59157140606843528, -0.07447208264318878];
[-0.41594429588917137, 0.60066244513887213, -0.10948868495499953];
[-0.40031458962606592, 0.61309072185999081, -0.14188694601013982];
[-0.38086402225606741, 0.62863160449691902, -0.17090725174088606];
[-0.35802857429476481, 0.64690849781382787, -0.19583528481439888];
[-0.33234081475622534, 0.66747542383229885, -0.21605216320822501];
[-0.30442466235732313, 0.68998567122311538, -0.23109326314804532];
[-0.27491831690945362, 0.71377033348152119, -0.24051829682184117];
[-0.24453952769119650, 0.73837300740070932, -0.24409804560170600];
[-0.24453952769119569, 0.73837300740069689, 0.24409804560170079];
[-0.26639063475874458, 0.70519980178806929, 0.24042398464064929];
[-0.28759430148926096, 0.67307251201541862, 0.23090085029313226];
[-0.30763642226491800, 0.64266533004694248, 0.21577408117561725];
[-0.32605357453729467, 0.61477680649109356, 0.19547299922815123];
[-0.34242075109795184, 0.59006129756747194, 0.17051812152164628];
[-0.35633926441211533, 0.56898075370230494, 0.14149704724595141];
[-0.36750993425713380, 0.55207838803506670, 0.10913446102660489];
[-0.37568063037378002, 0.53975126394381001, 0.07421132390293772];
[-0.38064669706061111, 0.53220793660319843, 0.03754321936395874];
[-0.38230931193492729, 0.52964575485958176, -0.00000000000000062];
[-0.38064669706061122, 0.53220793660319865, -0.03754321936396002];
[-0.37568063037378108, 0.53975126394381356, -0.07421132390293944];
[-0.36750993425713502, 0.55207838803507048, -0.10913446102660691];
[-0.35633926441211672, 0.56898075370231005, -0.14149704724595388];
[-0.34242075109795345, 0.59006129756747849, -0.17051812152164941];
[-0.32605357453729661, 0.61477680649110311, -0.19547299922815553];
[-0.30763642226491983, 0.64266533004695292, -0.21577408117562194];
[-0.28759430148926246, 0.67307251201542950, -0.23090085029313706];
[-0.26639063475874569, 0.70519980178808039, -0.24042398464065420];
[-0.24453952769119650, 0.73837300740070932, -0.24409804560170600];
[-0.24453952769119569, 0.73837300740069689, 0.24409804560170079];
[-0.25572839770937322, 0.69986432234339124, 0.24039304490049709];
[-0.26659043186002224, 0.66252620322066214, 0.23082904060305412];
[-0.27686245509787755, 0.62728740857260368, 0.21569642247043225];
[-0.28630240066760959, 0.59487373466014937, 0.19536341781340216];
[-0.29469737152938186, 0.56614846402388053, 0.17039343426514758];
[-0.30183284956733242, 0.54161454849807089, 0.14135891108626486];
[-0.30756889815005189, 0.52196031497317197, 0.10901073533510713];
[-0.31176105990649799, 0.50758798617948220, 0.07411141835998930];
[-0.31432153627960696, 0.49886436610795015, 0.03749305981152132];
[-0.31518042151875419, 0.49590749636860737, -0.00000000000000059];
[-0.31432153627960713, 0.49886436610795054, -0.03749305981152253];
[-0.31176105990649861, 0.50758798617948442, -0.07411141835999080];
[-0.30756889815005256, 0.52196031497317485, -0.10901073533510890];
[-0.30183284956733325, 0.54161454849807544, -0.14135891108626716];
[-0.29469737152938297, 0.56614846402388641, -0.17039343426515044];
[-0.28630240066761081, 0.59487373466015714, -0.19536341781340577];
[-0.27686245509787866, 0.62728740857261256, -0.21569642247043649];
[-0.26659043186002329, 0.66252620322067257, -0.23082904060305881];
[-0.25572839770937433, 0.69986432234340368, -0.24039304490050251];
[-0.24453952769119650, 0.73837300740070932, -0.24409804560170600];
[-0.24453952769119569, 0.73837300740069689, 0.24409804560170079];
[-0.24398016220605909, 0.69829201780965011, 0.24043741433338059];
[-0.24344952565988776, 0.65953651243448463, 0.23094855815820725];
[-0.24295974816182772, 0.62285870276332722, 0.21584919995519192];
[-0.24252213864266797, 0.58899453698208981, 0.19549871129258753];
[-0.24215326771536017, 0.55912705603872925, 0.17055302360737098];
[-0.24185523779281604, 0.53362029536134581, 0.14152522391492839];
[-0.24163166913258977, 0.51314885447352054, 0.10915265563933682];
[-0.24148062824648139, 0.49823248449941726, 0.07422377534225331];
[-0.24139449879708844, 0.48914098996218081, 0.03754965631064081];
[-0.24136699164545525, 0.48610264822377180, -0.00000000000000056];
[-0.24139449879708863, 0.48914098996218086, -0.03754965631064194];
[-0.24148062824648162, 0.49823248449941920, -0.07422377534225469];
[-0.24163166913259013, 0.51314885447352276, -0.10915265563933846];
[-0.24185523779281648, 0.53362029536134903, -0.14152522391493036];
[-0.24215326771536072, 0.55912705603873403, -0.17055302360737354];
[-0.24252213864266872, 0.58899453698209692, -0.19549871129259108];
[-0.24295974816182839, 0.62285870276333555, -0.21584919995519583];
[-0.24344952565988848, 0.65953651243449396, -0.23094855815821169];
[-0.24398016220605992, 0.69829201780966144, -0.24043741433338550];
[-0.24453952769119650, 0.73837300740070932, -0.24409804560170600];
[-0.24453952769119569, 0.73837300740069689, 0.24409804560170079];
[-0.23227953258482956, 0.70069565290925695, 0.24055794366776828];
[-0.22038153574022709, 0.66415318421645952, 0.23115479016308271];
[-0.20913796088216213, 0.62966551350335964, 0.21616549437039595];
[-0.19881439989341304, 0.59794532485575569, 0.19594213007793501];
[-0.18965001975057663, 0.56984811718657657, 0.17103389490148804];
[-0.18187282899920121, 0.54586473511322020, 0.14199996386434827];
[-0.17563824797589517, 0.52666942974165210, 0.10958234954716478];
[-0.17109348956460427, 0.51264590325026327, 0.07454304432384967];
[-0.16832550274061384, 0.50414232487906274, 0.03772582392419540];
[-0.16739742038684394, 0.50126045155443766, -0.00000000000000054];
[-0.16832550274061400, 0.50414232487906230, -0.03772582392419644];
[-0.17109348956460438, 0.51264590325026482, -0.07454304432385095];
[-0.17563824797589536, 0.52666942974165332, -0.10958234954716611];
[-0.18187282899920149, 0.54586473511322231, -0.14199996386434990];
[-0.18965001975057683, 0.56984811718658068, -0.17103389490149046];
[-0.19881439989341337, 0.59794532485576035, -0.19594213007793757];
[-0.20913796088216249, 0.62966551350336664, -0.21616549437039947];
[-0.22038153574022748, 0.66415318421646841, -0.23115479016308696];
[-0.23227953258483022, 0.70069565290926739, -0.24055794366777297];
[-0.24453952769119650, 0.73837300740070932, -0.24409804560170600];
[-0.24453952769119569, 0.73837300740069689, 0.24409804560170079];
[-0.22175626631931347, 0.70678442522458496, 0.24073623277789169];
[-0.19960729002352051, 0.67618212556854695, 0.23151524040207774];
[-0.17862899762911558, 0.64721930269111372, 0.21665382522772669];
[-0.15931394159290849, 0.62067635201234383, 0.19655404828423392];
[-0.14211567601982220, 0.59718460259159711, 0.17170887707165614];
[-0.12745813414071244, 0.57718419606351778, 0.14268384285185842];
[-0.11567182326021087, 0.56118491795521230, 0.11018838718504434];
[-0.10703672478251718, 0.54954739586157175, 0.07500455955256637];
[-0.10177971343707504, 0.54243946271376797, 0.03797015016352456];
[-0.10001728542738654, 0.54002573614445948, -0.00000000000000052];
[-0.10177971343707533, 0.54243946271376742, -0.03797015016352556];
[-0.10703672478251687, 0.54954739586157419, -0.07500455955256775];
[-0.11567182326021089, 0.56118491795521408, -0.11018838718504574];
[-0.12745813414071258, 0.57718419606351923, -0.14268384285185989];
[-0.14211567601982233, 0.59718460259160067, -0.17170887707165819];
[-0.15931394159290860, 0.62067635201234905, -0.19655404828423667];
[-0.17862899762911555, 0.64721930269112160, -0.21665382522773033];
[-0.19960729002352084, 0.67618212556855550, -0.23151524040208160];
[-0.22175626631931397, 0.70678442522459628, -0.24073623277789663];
[-0.24453952769119650, 0.73837300740070932, -0.24409804560170600];
[-0.24453952769119569, 0.73837300740069689, 0.24409804560170079];
[-0.21345164176092207, 0.71595781886813403, 0.24094496154753750];
[-0.18316347499827051, 0.69429258369470992, 0.23192667363727995];
[-0.15441100786340684, 0.67380666380534537, 0.21723733368971118];
[-0.12786473440040202, 0.65513653042186493, 0.19728017490751154];
[-0.10417895419171141, 0.63859603598816361, 0.17248662124707717];
[-0.08392816598399044, 0.62459265708683809, 0.14344888880039725];
[-0.06759751626938308, 0.61345038997689672, 0.11086556482041959];
[-0.05561576227955763, 0.60533956998985505, 0.07550197606172675];
[-0.04829367264699771, 0.60043075670963697, 0.03823755605053249];
[-0.04583324017735514, 0.59878323306514247, -0.00000000000000051];
[-0.04829367264699810, 0.60043075670963642, -0.03823755605053344];
[-0.05561576227955731, 0.60533956998985738, -0.07550197606172804];
[-0.06759751626938300, 0.61345038997689827, -0.11086556482042093];
[-0.08392816598399049, 0.62459265708683998, -0.14344888880039874];
[-0.10417895419171161, 0.63859603598816606, -0.17248662124707889];
[-0.12786473440040216, 0.65513653042186770, -0.19728017490751343];
[-0.15441100786340684, 0.67380666380535148, -0.21723733368971418];
[-0.18316347499827051, 0.69429258369471969, -0.23192667363728417];
[-0.21345164176092246, 0.71595781886814558, -0.24094496154754244];
[-0.24453952769119650, 0.73837300740070932, -0.24409804560170600];
[-0.24453952769119569, 0.73837300740069689, 0.24409804560170079];
[-0.20817124242361737, 0.72728865416733102, 0.24114672282380395];
[-0.17266819976242764, 0.71672232672590186, 0.23233889769277052];
[-0.13888999953223960, 0.70688253157081415, 0.21785349914920335];
[-0.10764726805262008, 0.69791507408392395, 0.19799885734192818];
[-0.07969384657167369, 0.69014387628879881, 0.17326921806699472];
[-0.05576213987206829, 0.68356752795176678, 0.14419689073474404];
[-0.03645001332404798, 0.67834413324272980, 0.11148735531975436];
[-0.02224301095835393, 0.67465109194279782, 0.07595951161210641];
[-0.01355427657486322, 0.67244113782178216, 0.03847673831655404];
[-0.01064534864254808, 0.67164990492641630, -0.00000000000000051];
[-0.01355427657486346, 0.67244113782178172, -0.03847673831655504];
[-0.02224301095835383, 0.67465109194279926, -0.07595951161210758];
[-0.03645001332404760, 0.67834413324273268, -0.11148735531975584];
[-0.05576213987206836, 0.68356752795176845, -0.14419689073474540];
[-0.07969384657167369, 0.69014387628880136, -0.17326921806699641];
[-0.10764726805261988, 0.69791507408392883, -0.19799885734193057];
[-0.13888999953223938, 0.70688253157082126, -0.21785349914920660];
[-0.17266819976242770, 0.71672232672590974, -0.23233889769277419];
[-0.20817124242361762, 0.72728865416734134, -0.24114672282380853];
[-0.24453952769119650, 0.73837300740070932, -0.24409804560170600];
[-0.24453952769119569, 0.73837300740069689, 0.24409804560170079];
[-0.20645170895134363, 0.73972777451259719, 0.24134878834394310];
[-0.16919828274616933, 0.74135736279361963, 0.23273586580011604];
[-0.13369044387114484, 0.74306780737247580, 0.21838924886877484];
[-0.10080759868340367, 0.74478594448025548, 0.19861977551631146];
[-0.07135131548827427, 0.74653090754376328, 0.17390615725564701];
[-0.04607236092360826, 0.74820181248897855, 0.14481137134635988];
[-0.02566649262467911, 0.74956625455405201, 0.11200930169668308];
[-0.01065187672129096, 0.75070471872958500, 0.07633629956722893];
[-0.00151053564329477, 0.75128675724901439, 0.03866156025337631];
[0.00162427680381943, 0.75168676237476828, -0.00000000000000052];
[-0.00151053564329476, 0.75128675724901406, -0.03866156025337734];
[-0.01065187672129060, 0.75070471872958744, -0.07633629956723018];
[-0.02566649262467813, 0.74956625455405679, -0.11200930169668485];
[-0.04607236092360784, 0.74820181248898221, -0.14481137134636163];
[-0.07135131548827384, 0.74653090754376716, -0.17390615725564895];
[-0.10080759868340342, 0.74478594448026070, -0.19861977551631388];
[-0.13369044387114479, 0.74306780737248179, -0.21838924886877759];
[-0.16919828274616933, 0.74135736279362741, -0.23273586580011965];
[-0.20645170895134393, 0.73972777451260863, -0.24134878834394796];
[-0.24453952769119650, 0.73837300740070932, -0.24409804560170600];
[-1.05452541396824784, -1.05289303571876869, 0.20926244245813302];
[-1.02378737864243319, -1.05516898187892827, 0.20722575303492854];
[-0.99345909302470747, -1.05711610032123970, 0.20000276946714107];
[-0.96446246705137628, -1.05890806168705454, 0.18777048088164422];
[-0.93736889064534212, -1.06021553481308084, 0.17076769796472852];
[-0.91349282859104541, -1.06198056083269576, 0.14955744706486143];
[-0.89278165669154519, -1.06307643527948303, 0.12448671059433024];
[-0.87613099014877227, -1.06406105667889106, 0.09625421310842738];
[-0.86354584795118738, -1.06415183902881405, 0.06553669291608806];
[-0.85612378873075856, -1.06465207886422752, 0.03319609933392433];
[-0.85362179214231648, -1.06481228166096664, -0.00000000000000051];
[-0.85612378873075956, -1.06465207886422930, -0.03319609933392540];
[-0.86354584795119105, -1.06415183902882093, -0.06553669291608949];
[-0.87613099014878060, -1.06406105667890594, -0.09625421310842980];
[-0.89278165669154252, -1.06307643527947771, -0.12448671059433061];
[-0.91349282859104441, -1.06198056083269265, -0.14955744706486196];
[-0.93736889064533835, -1.06021553481307307, -0.17076769796472871];
[-0.96446246705137340, -1.05890806168704854, -0.18777048088164439];
[-0.99345909302471846, -1.05711610032125503, -0.20000276946714515];
[-1.02378737864244762, -1.05516898187894625, -0.20722575303493343];
[-1.05452541396826205, -1.05289303571878579, -0.20926244245813772];
[-1.05452541396824784, -1.05289303571876869, 0.20926244245813302];
[-1.02556543906729813, -1.04505272982430464, 0.20722768340830705];
[-0.99783855172044700, -1.03828621926281017, 0.20022566849694665];
[-0.97032181701710030, -1.03038918769565591, 0.18794490773156686];
[-0.94513681384906467, -1.02352096354082378, 0.17102865505374806];
[-0.92287440606280202, -1.01781578448867971, 0.14984232533287947];
[-0.90339680321632443, -1.01233156250902590, 0.12474099926851748];
[-0.88787707791561166, -1.00822080679716231, 0.09648485131909078];
[-0.87643153599655776, -1.00512362462989313, 0.06574048668660902];
[-0.86971651049003185, -1.00368021781983496, 0.03331354831391177];
[-0.86726246203288715, -1.00287311531549084, -0.00000000000000053];
[-0.86971651049003762, -1.00368021781984296, -0.03331354831391309];
[-0.87643153599656531, -1.00512362462990379, -0.06574048668661091];
[-0.88787707791562165, -1.00822080679717785, -0.09648485131909325];
[-0.90339680321632432, -1.01233156250902434, -0.12474099926851824];
[-0.92287440606279614, -1.01781578448867105, -0.14984232533287919];
[-0.94513681384906678, -1.02352096354082467, -0.17102865505374965];
[-0.97032181701710274, -1.03038918769565813, -0.18794490773156836];
[-0.99783855172045721, -1.03828621926282283, -0.20022566849694998];
[-1.02556543906730679, -1.04505272982431641, -0.20722768340831085];
[-1.05452541396826205, -1.05289303571878579, -0.20926244245813772];
[-1.05452541396824784, -1.05289303571876869, 0.20926244245813302];
[-1.03041581950330463, -1.03601239588829941, 0.20723516123372512];
[-1.00712669124839582, -1.01992883174040672, 0.20016199222729142];
[-0.98454388738141896, -1.00411461673346980, 0.18798479806601687];
[-0.96381618734085950, -0.98974542782419161, 0.17112578401487549];
[-0.94520481090608632, -0.97682047628393476, 0.14990711535280826];
[-0.92945485868228461, -0.96604528948755897, 0.12489142715606334];
[-0.91635806884566595, -0.95678503283862237, 0.09658327793908569];
[-0.90713763761964639, -0.95057475991205354, 0.06584078149927937];
[-0.90091939322981873, -0.94592671109156268, 0.03332568065480040];
[-0.89916670875458626, -0.94486311483848118, -0.00000000000000055];
[-0.90091939322982351, -0.94592671109157056, -0.03332568065480173];
[-0.90713763761965682, -0.95057475991206775, -0.06584078149928146];
[-0.91635806884567628, -0.95678503283863725, -0.09658327793908829];
[-0.92945485868227473, -0.96604528948754520, -0.12489142715606283];
[-0.94520481090608144, -0.97682047628392632, -0.14990711535280829];
[-0.96381618734086616, -0.98974542782419994, -0.17112578401487816];
[-0.98454388738142828, -1.00411461673348090, -0.18798479806602025];
[-1.00712669124840515, -1.01992883174041715, -0.20016199222729469];
[-1.03041581950330730, -1.03601239588830185, -0.20723516123372704];
[-1.05452541396826205, -1.05289303571878579, -0.20926244245813772];
[-1.05452541396824784, -1.05289303571876869, 0.20926244245813302];
[-1.03766765238879755, -1.02868231366349461, 0.20720280246149334];
[-1.02109067153328015, -1.00487835181891683, 0.19998331662498167];
[-1.00562055186739152, -0.98261132476478918, 0.18786676904464311];
[-0.99122727264367794, -0.96189970889270648, 0.17099378133692497];
[-0.97838704281852718, -0.94341395495962010, 0.14978941445863633];
[-0.96712068125297790, -0.92722358802614591, 0.12470644902192531];
[-0.95805978098972100, -0.91421045653114685, 0.09644848250035770];
[-0.95169840497956759, -0.90502391495122658, 0.06573758920418339];
[-0.94741733458453603, -0.89890700151888825, 0.03328419307730346];
[-0.94629292039665003, -0.89724997082006408, -0.00000000000000058];
[-0.94741733458453936, -0.89890700151889324, -0.03328419307730479];
[-0.95169840497957159, -0.90502391495123202, -0.06573758920418500];
[-0.95805978098973033, -0.91421045653115751, -0.09644848250035999];
[-0.96712068125297179, -0.92722358802613913, -0.12470644902192546];
[-0.97838704281852451, -0.94341395495961633, -0.14978941445863719];
[-0.99122727264367971, -0.96189970889270571, -0.17099378133692658];
[-1.00562055186740906, -0.98261132476480917, -0.18786676904464830];
[-1.02109067153329103, -1.00487835181892948, -0.19998331662498531];
[-1.03766765238881509, -1.02868231366351726, -0.20720280246149886];
[-1.05452541396826205, -1.05289303571878579, -0.20926244245813772];
[-1.05452541396824784, -1.05289303571876869, 0.20926244245813302];
[-1.04642069825613704, -1.02353742273779735, 0.20707241220146330];
[-1.03901702384871863, -0.99546187643198414, 0.19989089329772569];
[-1.03112956826857616, -0.96763900265093494, 0.18751886618110200];
[-1.02467332944958112, -0.94291875101460776, 0.17066218222213925];
[-1.01860159388720262, -0.92042676620466968, 0.14941682420050431];
[-1.01313309254796891, -0.90085138521261010, 0.12433645830107627];
[-1.00886339180057139, -0.88521895352138791, 0.09613235463027989];
[-1.00561595422293482, -0.87360888902816924, 0.06547372810287658];
[-1.00392615207534730, -0.86686753947235662, 0.03317045956902175];
[-1.00327847200381659, -0.86450609875600781, -0.00000000000000061];
[-1.00392615207534819, -0.86686753947235706, -0.03317045956902299];
[-1.00561595422295103, -0.87360888902818823, -0.06547372810287923];
[-1.00886339180058204, -0.88521895352139812, -0.09613235463028239];
[-1.01313309254796513, -0.90085138521260510, -0.12433645830107688];
[-1.01860159388720795, -0.92042676620467667, -0.14941682420050631];
[-1.02467332944958622, -0.94291875101461287, -0.17066218222214155];
[-1.03112956826858970, -0.96763900265094949, -0.18751886618110622];
[-1.03901702384872974, -0.99546187643199624, -0.19989089329772936];
[-1.04642069825615236, -1.02353742273781756, -0.20707241220146799];
[-1.05452541396826205, -1.05289303571878579, -0.20926244245813772];
[-1.05452541396824784, -1.05289303571876869, 0.20926244245813302];
[-1.05600610921791604, -1.02134099040511028, 0.20692602509518937];
[-1.05735749822867375, -0.99037711673031004, 0.19945130423013954];
[-1.05936357081676213, -0.96174499916646006, 0.18720100907501419];
[-1.06008038403807547, -0.93391435510801635, 0.17001989121058361];
[-1.06142378035459450, -0.90986313309621081, 0.14877203468907960];
[-1.06241084410684761, -0.88909921588309582, 0.12375815203465319];
[-1.06330878516502070, -0.87247814881207308, 0.09565804503386251];
[-1.06312995292309753, -0.85939285583785585, 0.06507616720316153];
[-1.06341903202128929, -0.85184350733099012, 0.03295074640913273];
[-1.06361615610985716, -0.84941074512479375, -0.00000000000000063];
[-1.06341903202128618, -0.85184350733098579, -0.03295074640913389];
[-1.06312995292311463, -0.85939285583787417, -0.06507616720316399];
[-1.06330878516503757, -0.87247814881209151, -0.09565804503386578];
[-1.06241084410684872, -0.88909921588309593, -0.12375815203465439];
[-1.06142378035459783, -0.90986313309621425, -0.14877203468908121];
[-1.06008038403808480, -0.93391435510802590, -0.17001989121058694];
[-1.05936357081676924, -0.96174499916646627, -0.18720100907501672];
[-1.05735749822868708, -0.99037711673032458, -0.19945130423014379];
[-1.05600610921792937, -1.02134099040512583, -0.20692602509519373];
[-1.05452541396826205, -1.05289303571878579, -0.20926244245813772];
[-1.05452541396824784, -1.05289303571876869, 0.20926244245813302];
[-1.06503153112041637, -1.02173577605231114, 0.20665245598770823];
[-1.07572591189548938, -0.99190419356463211, 0.19906221444483982];
[-1.08616877681558055, -0.96384816083219649, 0.18662048402680048];
[-1.09510839789591019, -0.93712432053054684, 0.16940941209933777];
[-1.10287998187623537, -0.91307483239076093, 0.14800594218205482];
[-1.10986343803239551, -0.89293030118033911, 0.12303259857607078];
[-1.11545711493422917, -0.87668646224515046, 0.09502571962025534];
[-1.11856186712402539, -0.86379907211294715, 0.06460723864799260];
[-1.12151382927078958, -0.85699750467978086, 0.03271790828224322];
[-1.12192080290070040, -0.85413783769405982, -0.00000000000000065];
[-1.12151382927078913, -0.85699750467977998, -0.03271790828224445];
[-1.11856186712405270, -0.86379907211297402, -0.06460723864799575];
[-1.11545711493425048, -0.87668646224517255, -0.09502571962025896];
[-1.10986343803239951, -0.89293030118034100, -0.12303259857607263];
[-1.10287998187624159, -0.91307483239076659, -0.14800594218205698];
[-1.09510839789591730, -0.93712432053055594, -0.16940941209934079];
[-1.08616877681559987, -0.96384816083221714, -0.18662048402680584];
[-1.07572591189551447, -0.99190419356466197, -0.19906221444484670];
[-1.06503153112042503, -1.02173577605232113, -0.20665245598771159];
[-1.05452541396826205, -1.05289303571878579, -0.20926244245813772];
[-1.05452541396824784, -1.05289303571876869, 0.20926244245813302];
[-1.07319437346080604, -1.02541699394962871, 0.20642674783229942];
[-1.09191360656288339, -0.99933794772311157, 0.19865846306299773];
[-1.10971201777203277, -0.97462108522062763, 0.18602548371330482];
[-1.12541082212730692, -0.95104839146792330, 0.16869110591421543];
[-1.13935771284624709, -0.93004661119405097, 0.14726746253485801];
[-1.15096451658971044, -0.91187580719739803, 0.12226041493131679];
[-1.16044451496699130, -0.89744318755187891, 0.09434367940553710];
[-1.16775660978850726, -0.88725972918772189, 0.06420148295592476];
[-1.17199019224552892, -0.88083288156776163, 0.03248726984308516];
[-1.17292728080512387, -0.87820511911018750, -0.00000000000000067];
[-1.17199019224553047, -0.88083288156776307, -0.03248726984308658];
[-1.16775660978854745, -0.88725972918776286, -0.06420148295592884];
[-1.16044451496703016, -0.89744318755191699, -0.09434367940554234];
[-1.15096451658972465, -0.91187580719741346, -0.12226041493132006];
[-1.13935771284624954, -0.93004661119405385, -0.14726746253485978];
[-1.12541082212731047, -0.95104839146792652, -0.16869110591421749];
[-1.10971201777204609, -0.97462108522064050, -0.18602548371330874];
[-1.09191360656289960, -0.99933794772313156, -0.19865846306300269];
[-1.07319437346082491, -1.02541699394965002, -0.20642674783230483];
[-1.05452541396826205, -1.05289303571878579, -0.20926244245813772];
[-1.05452541396824784, -1.05289303571876869, 0.20926244245813302];
[-1.07952312435325215, -1.03178276699939508, 0.20623331933838865];
[-1.10454328561399140, -1.01214159903204637, 0.19833259889905694];
[-1.12772211768263242, -0.99293055315335244, 0.18546922181025788];
[-1.14826331398575054, -0.97441056731503684, 0.16797626079396982];
[-1.16771685526712510, -0.95925940374562813, 0.14667995858141175];
[-1.18319496484179743, -0.94520424750469978, 0.12168658275201286];
[-1.19581644386082320, -0.93415697087176219, 0.09385510340162967];
[-1.20433387586113394, -0.92539012274122823, 0.06377278248962617];
[-1.21069513850210764, -0.92120056438771025, 0.03229082447315288];
[-1.21163625078225801, -0.91864402276445112, -0.00000000000000068];
[-1.21069513850210941, -0.92120056438771147, -0.03229082447315425];
[-1.20433387586115304, -0.92539012274124766, -0.06377278248962885];
[-1.19581644386085362, -0.93415697087179250, -0.09385510340163405];
[-1.18319496484181452, -0.94520424750471776, -0.12168658275201615];
[-1.16771685526712932, -0.95925940374563234, -0.14667995858141342];
[-1.14826331398574322, -0.97441056731502906, -0.16797626079396988];
[-1.12772211768264841, -0.99293055315337042, -0.18546922181026262];
[-1.10454328561399384, -1.01214159903204814, -0.19833259889905888];
[-1.07952312435326636, -1.03178276699941240, -0.20623331933839337];
[-1.05452541396826205, -1.05289303571878579, -0.20926244245813772];
[-1.05452541396824784, -1.05289303571876869, 0.20926244245813302];
[-1.08364924459686041, -1.04049671183123293, 0.20614453026201415];
[-1.11179936120841649, -1.02833142910108033, 0.19796597366853544];
[-1.13845869265959743, -1.01689491176417657, 0.18500217645762859];
[-1.16267323874271766, -1.00608530728211387, 0.16754773426322922];
[-1.18468966741351478, -0.99705939162991986, 0.14618712221308910];
[-1.20174284542484200, -0.98761171358281352, 0.12112245536270522];
[-1.21595516293615136, -0.98064105015995839, 0.09336082736099714];
[-1.22652345683484065, -0.97574734112019745, 0.06346663980321522];
[-1.23345597421423880, -0.97326243384307365, 0.03211466907075177];
[-1.23523706001753530, -0.97189486770396516, -0.00000000000000068];
[-1.23345597421423814, -0.97326243384307387, -0.03211466907075312];
[-1.22652345683485953, -0.97574734112021966, -0.06346663980321764];
[-1.21595516293618622, -0.98064105015999270, -0.09336082736100172];
[-1.20174284542485355, -0.98761171358282696, -0.12112245536270784];
[-1.18468966741351633, -0.99705939162991997, -0.14618712221309058];
[-1.16267323874272388, -1.00608530728212031, -0.16754773426323180];
[-1.13845869265961319, -1.01689491176419611, -0.18500217645763314];
[-1.11179936120842915, -1.02833142910109054, -0.19796597366853885];
[-1.08364924459687217, -1.04049671183124737, -0.20614453026201834];
[-1.05452541396826205, -1.05289303571878579, -0.20926244245813772];
[-1.05452541396824784, -1.05289303571876869, 0.20926244245813302];
[-1.08493506818040331, -1.05042448985502590, 0.20610977787227069];
[-1.11402538407757135, -1.04753697322630046, 0.19783122990753921];
[-1.14088483758419956, -1.04409532882375533, 0.18465167807086227];
[-1.16633652261781595, -1.04189843704410734, 0.16724711831547148];
[-1.18924421283386805, -1.04030090838975675, 0.14589789458362090];
[-1.20744396885534444, -1.03752188762106679, 0.12091823461418538];
[-1.22228016217373892, -1.03560589612847331, 0.09320135629087671];
[-1.23356151314123585, -1.03467090941618056, 0.06336753893501509];
[-1.24032515791201359, -1.03399513671561172, 0.03205407003659697];
[-1.24156539477681771, -1.03269026349894255, -0.00000000000000067];
[-1.24032515791201292, -1.03399513671561105, -0.03205407003659822];
[-1.23356151314126561, -1.03467090941621276, -0.06336753893501824];
[-1.22228016217376823, -1.03560589612850351, -0.09320135629088085];
[-1.20744396885535243, -1.03752188762107589, -0.12091823461418798];
[-1.18924421283386228, -1.04030090838974898, -0.14589789458362090];
[-1.16633652261781751, -1.04189843704410823, -0.16724711831547301];
[-1.14088483758420645, -1.04409532882376244, -0.18465167807086483];
[-1.11402538407759066, -1.04753697322632511, -0.19783122990754512];
[-1.08493506818042085, -1.05042448985504455, -0.20610977787227616];
[-1.05452541396826205, -1.05289303571878579, -0.20926244245813772];
[-1.05452541396824784, -1.05289303571876869, 0.20926244245813302];
[-1.08256716730391123, -1.05972392949786665, 0.20595985628182184];
[-1.11011349924637681, -1.06681979292686657, 0.19772999455365278];
[-1.13565878873803583, -1.07294922938636206, 0.18462400895316197];
[-1.15908039729653378, -1.07855396720010543, 0.16711765592057068];
[-1.17967735684747699, -1.08333357217407600, 0.14563679049188222];
[-1.19754470224274190, -1.08782253909761284, 0.12080648199052627];
[-1.21165480704527107, -1.09117459022335073, 0.09313279721141832];
[-1.22180416152378823, -1.09345152833119030, 0.06328976907935895];
[-1.22857298471226106, -1.09551214726655366, 0.03202590390344565];
[-1.23036193689022189, -1.09565640645110984, -0.00000000000000065];
[-1.22857298471226217, -1.09551214726655410, -0.03202590390344698];
[-1.22180416152380755, -1.09345152833121317, -0.06328976907936143];
[-1.21165480704530237, -1.09117459022338581, -0.09313279721142274];
[-1.19754470224275300, -1.08782253909762661, -0.12080648199052919];
[-1.17967735684747166, -1.08333357217406712, -0.14563679049188255];
[-1.15908039729654755, -1.07855396720012253, -0.16711765592057412];
[-1.13565878873804804, -1.07294922938637494, -0.18462400895316555];
[-1.11011349924639902, -1.06681979292689322, -0.19772999455365847];
[-1.08256716730393387, -1.05972392949789507, -0.20595985628182845];
[-1.05452541396826205, -1.05289303571878579, -0.20926244245813772];
[-1.05452541396824784, -1.05289303571876869, 0.20926244245813302];
[-1.07768465096184229, -1.06862550997963091, 0.20593727621182700];
[-1.10081868197264443, -1.08476951346360484, 0.19776365306802038];
[-1.12189720200484899, -1.09902588548765157, 0.18463473228325991];
[-1.14116795898742684, -1.11203786312098374, 0.16709916370662270];
[-1.15931298362941138, -1.12487729676246695, 0.14580070366129005];
[-1.17376331544955614, -1.13459108331699698, 0.12088648350154797];
[-1.18556580479533236, -1.14264706763045054, 0.09319893959024729];
[-1.19421367537490219, -1.14856063883292547, 0.06336238409418345];
[-1.19950316690596837, -1.15220376243664591, 0.03204343625843691];
[-1.20100981226869519, -1.15309437498654010, -0.00000000000000063];
[-1.19950316690596859, -1.15220376243664546, -0.03204343625843813];
[-1.19421367537491774, -1.14856063883294457, -0.06336238409418579];
[-1.18556580479536056, -1.14264706763048451, -0.09319893959025126];
[-1.17376331544957724, -1.13459108331702163, -0.12088648350155201];
[-1.15931298362941027, -1.12487729676246406, -0.14580070366129114];
[-1.14116795898742551, -1.11203786312098107, -0.16709916370662373];
[-1.12189720200485299, -1.09902588548765423, -0.18463473228326183];
[-1.10081868197265553, -1.08476951346361861, -0.19776365306802399];
[-1.07768465096185073, -1.06862550997964134, -0.20593727621183039];
[-1.05452541396826205, -1.05289303571878579, -0.20926244245813772];
[-1.05452541396824784, -1.05289303571876869, 0.20926244245813302];
[-1.07077759174825249, -1.07631085673066940, 0.20604413543915739];
[-1.08668729499346450, -1.09919609776992933, 0.19783849041024640];
[-1.10164923107225499, -1.12074261944572307, 0.18483811673335157];
[-1.11493609296430773, -1.13992943364171695, 0.16731345699238159];
[-1.12788722706203393, -1.15848250160801913, 0.14603228986691333];
[-1.13800451333781494, -1.17307074849986592, 0.12111505669754764];
[-1.14642146059620265, -1.18517750296431101, 0.09341080906751924];
[-1.15235549698640671, -1.19374214254390343, 0.06349813307856540];
[-1.15626122914216611, -1.19933517101437870, 0.03212659541959727];
[-1.15709455908254211, -1.20058774431259985, -0.00000000000000060];
[-1.15626122914216589, -1.19933517101437914, -0.03212659541959847];
[-1.15235549698642825, -1.19374214254392896, -0.06349813307856790];
[-1.14642146059623196, -1.18517750296435187, -0.09341080906752336];
[-1.13800451333782515, -1.17307074849987658, -0.12111505669755021];
[-1.12788722706203548, -1.15848250160801891, -0.14603228986691483];
[-1.11493609296430218, -1.13992943364170829, -0.16731345699238176];
[-1.10164923107226431, -1.12074261944573328, -0.18483811673335446];
[-1.08668729499348138, -1.09919609776995220, -0.19783849041025142];
[-1.07077759174825360, -1.07631085673066651, -0.20604413543915834];
[-1.05452541396826205, -1.05289303571878579, -0.20926244245813772];
[-1.05452541396824784, -1.05289303571876869, 0.20926244245813302];
[-1.06200134183472650, -1.08134196768208368, 0.20614785145589642];
[-1.06918106857821482, -1.10884546483613500, 0.19798378278165871];
[-1.07650325946005143, -1.13558499678884628, 0.18513969865685112];
[-1.08317823585179673, -1.16008293277615548, 0.16780252705254814];
[-1.08855017030128787, -1.18106471699401339, 0.14633551670946721];
[-1.09335183858318019, -1.19924993304760030, 0.12143977757759108];
[-1.09763422683339384, -1.21445014590523193, 0.09372500455083170];
[-1.10041262585063904, -1.22506015395381684, 0.06372135085506929];
[-1.10174448133316227, -1.23098545729000963, 0.03222614166821916];
[-1.10207532457007296, -1.23282440920253955, -0.00000000000000058];
[-1.10174448133316472, -1.23098545729001296, -0.03222614166822042];
[-1.10041262585065480, -1.22506015395383772, -0.06372135085507152];
[-1.09763422683341960, -1.21445014590526745, -0.09372500455083560];
[-1.09335183858318907, -1.19924993304761252, -0.12143977757759326];
[-1.08855017030128742, -1.18106471699401183, -0.14633551670946815];
[-1.08317823585179673, -1.16008293277615637, -0.16780252705254914];
[-1.07650325946006209, -1.13558499678885938, -0.18513969865685434];
[-1.06918106857821082, -1.10884546483612967, -0.19798378278165879];
[-1.06200134183473893, -1.08134196768209967, -0.20614785145590092];
[-1.05452541396826205, -1.05289303571878579, -0.20926244245813772];
[-1.05452541396824784, -1.05289303571876869, 0.20926244245813302];
[-1.05243422894105709, -1.08353974433256317, 0.20629156350355998];
[-1.05048317598419438, -1.11344241930742216, 0.19828912739070795];
[-1.04862966282522074, -1.14172641047894308, 0.18545194384642458];
[-1.04700296975154861, -1.16786341465686250, 0.16814813394841951];
[-1.04612062887814505, -1.19195789138938557, 0.14687854994087948];
[-1.04398098476302659, -1.21039613220093423, 0.12182037614598304];
[-1.04356108357675303, -1.22716441502809426, 0.09407016487760932];
[-1.04251314586320953, -1.23830376039069900, 0.06395837867974127];
[-1.04216404223464387, -1.24552444455976929, 0.03236807745145424];
[-1.04235526524460620, -1.24843420263453231, -0.00000000000000055];
[-1.04216404223464409, -1.24552444455976796, -0.03236807745145536];
[-1.04251314586322175, -1.23830376039071566, -0.06395837867974336];
[-1.04356108357676547, -1.22716441502811202, -0.09407016487761181];
[-1.04398098476303391, -1.21039613220094844, -0.12182037614598537];
[-1.04612062887814683, -1.19195789138938535, -0.14687854994088090];
[-1.04700296975153972, -1.16786341465684962, -0.16814813394841871];
[-1.04862966282521652, -1.14172641047893486, -0.18545194384642447];
[-1.05048317598419749, -1.11344241930742327, -0.19828912739070950];
[-1.05243422894106664, -1.08353974433257694, -0.20629156350356334];
[-1.05452541396826205, -1.05289303571878579, -0.20926244245813772];
[-1.05452541396824784, -1.05289303571876869, 0.20926244245813302];
[-1.04312867845929480, -1.08285096257651681, 0.20649317012859433];
[-1.03215921031638658, -1.11218374989639246, 0.19868009818653659];
[-1.02139499880872298, -1.13948916889792318, 0.18591475853015824];
[-1.01184486551436170, -1.16517198839295966, 0.16870234069805984];
[-1.00332361178238649, -1.18803482557063145, 0.14736285066053978];
[-0.99535191323048477, -1.20640597454249487, 0.12232850771733243];
[-0.98987574445110904, -1.22267050949111766, 0.09449000135245350];
[-0.98513312127452279, -1.23335383569080714, 0.06425440000941866];
[-0.98254293181054719, -1.24036579273943670, 0.03251225800997529];
[-0.98168110844416723, -1.24273026295944300, -0.00000000000000053];
[-0.98254293181054753, -1.24036579273943715, -0.03251225800997633];
[-0.98513312127453123, -1.23335383569082069, -0.06425440000942055];
[-0.98987574445112425, -1.22267050949114098, -0.09449000135245628];
[-0.99535191323049832, -1.20640597454251508, -0.12232850771733558];
[-1.00332361178237428, -1.18803482557061235, -0.14736285066053834];
[-1.01184486551435526, -1.16517198839294744, -0.16870234069805948];
[-1.02139499880872697, -1.13948916889793117, -0.18591475853016035];
[-1.03215921031639724, -1.11218374989640556, -0.19868009818654014];
[-1.04312867845930568, -1.08285096257652813, -0.20649317012859800];
[-1.05452541396826205, -1.05289303571878579, -0.20926244245813772];
[-1.05452541396824784, -1.05289303571876869, 0.20926244245813302];
[-1.03482695017310689, -1.07909231077612344, 0.20668817135698317];
[-1.01535932062432699, -1.10427521615365842, 0.19895786865942308];
[-0.99763904514983626, -1.12932953223453070, 0.18652076541520213];
[-0.98019187364161808, -1.15080844356798973, 0.16922187162901248];
[-0.96520926392613204, -1.17082777472243049, 0.14791308106797957];
[-0.95257286856489209, -1.18820406762813802, 0.12298094600309059];
[-0.94201371541790879, -1.20151732229169861, 0.09495480401332713];
[-0.93433789184277283, -1.21135807824325581, 0.06461946951281189];
[-0.92968302123087632, -1.21739808366927971, 0.03270959662561115];
[-0.92798870079862572, -1.21919870556575138, -0.00000000000000051];
[-0.92968302123087498, -1.21739808366927815, -0.03270959662561210];
[-0.93433789184278004, -1.21135807824326824, -0.06461946951281350];
[-0.94201371541791867, -1.20151732229171637, -0.09495480401332958];
[-0.95257286856489354, -1.18820406762813735, -0.12298094600309192];
[-0.96520926392612327, -1.17082777472241362, -0.14791308106797851];
[-0.98019187364161653, -1.15080844356798639, -0.16922187162901331];
[-0.99763904514983426, -1.12932953223452559, -0.18652076541520268];
[-1.01535932062432899, -1.10427521615366153, -0.19895786865942491];
[-1.03482695017311555, -1.07909231077613366, -0.20668817135698644];
[-1.05452541396826205, -1.05289303571878579, -0.20926244245813772];
[-1.05452541396824784, -1.05289303571876869, 0.20926244245813302];
[-1.02813602032904750, -1.07234212493431924, 0.20680142893549652];
[-1.00260209779911436, -1.09167056976573784, 0.19930307828777197];
[-0.97834672699900516, -1.11012850993190870, 0.18688022137449081];
[-0.95580435277229447, -1.12700245560835199, 0.16979000461403287];
[-0.93566374297628752, -1.14206222560091497, 0.14848297958050422];
[-0.91871196701673175, -1.15537687062782046, 0.12353839165742704];
[-0.90457926779382336, -1.16528197633997288, 0.09540982472211515];
[-0.89444756088553279, -1.17292609204236520, 0.06496558220994229];
[-0.88802645531898272, -1.17714801550515835, 0.03287680149622544];
[-0.88615987897481774, -1.17910592654595736, -0.00000000000000050];
[-0.88802645531898361, -1.17714801550516124, -0.03287680149622647];
[-0.89444756088554178, -1.17292609204238074, -0.06496558220994418];
[-0.90457926779383602, -1.16528197633999397, -0.09540982472211794];
[-0.91871196701672919, -1.15537687062781647, -0.12353839165742780];
[-0.93566374297628085, -1.14206222560090298, -0.14848297958050388];
[-0.95580435277228903, -1.12700245560834222, -0.16979000461403249];
[-0.97834672699901226, -1.11012850993191847, -0.18688022137449395];
[-1.00260209779912302, -1.09167056976574850, -0.19930307828777533];
[-1.02813602032905971, -1.07234212493433523, -0.20680142893550066];
[-1.05452541396826205, -1.05289303571878579, -0.20926244245813772];
[-1.05452541396824784, -1.05289303571876869, 0.20926244245813302];
[-1.02436668718760515, -1.06414955554984925, 0.20699822938701976];
[-0.99513765497823825, -1.07554937936942907, 0.19968696905291328];
[-0.96706356390301540, -1.08612940938459546, 0.18735939290055317];
[-0.94113425038938958, -1.09598851868407721, 0.17035483827896178];
[-0.91768843824034230, -1.10439430100644653, 0.14903579454193014];
[-0.89768263816188132, -1.11166666031002848, 0.12398772365845259];
[-0.88186946656930110, -1.11806420081327129, 0.09587159154724584];
[-0.87008020262197250, -1.12243312077275603, 0.06529411791564702];
[-0.86284788110828581, -1.12504027784849758, 0.03305816168997051];
[-0.86052400190627798, -1.12610907809555405, -0.00000000000000050];
[-0.86284788110828448, -1.12504027784849470, -0.03305816168997146];
[-0.87008020262197883, -1.12243312077276758, -0.06529411791564868];
[-0.88186946656931187, -1.11806420081328928, -0.09587159154724847];
[-0.89768263816188054, -1.11166666031002559, -0.12398772365845329];
[-0.91768843824033763, -1.10439430100643698, -0.14903579454193003];
[-0.94113425038938925, -1.09598851868407543, -0.17035483827896258];
[-0.96706356390302162, -1.08612940938460301, -0.18735939290055575];
[-0.99513765497824713, -1.07554937936944151, -0.19968696905291636];
[-1.02436668718762558, -1.06414955554987567, -0.20699822938702606];
[-1.05452541396826205, -1.05289303571878579, -0.20926244245813772];
[-1.05452541396824784, -1.05289303571876869, 0.20926244245813302];
[-1.02378737864243319, -1.05516898187892827, 0.20722575303492854];
[-0.99345909302470747, -1.05711610032123970, 0.20000276946714107];
[-0.96446246705137628, -1.05890806168705454, 0.18777048088164422];
[-0.93736889064534212, -1.06021553481308084, 0.17076769796472852];
[-0.91349282859104541, -1.06198056083269576, 0.14955744706486143];
[-0.89278165669154519, -1.06307643527948303, 0.12448671059433024];
[-0.87613099014877227, -1.06406105667889106, 0.09625421310842738];
[-0.86354584795118738, -1.06415183902881405, 0.06553669291608806];
[-0.85612378873075856, -1.06465207886422752, 0.03319609933392433];
[-0.85362179214231648, -1.06481228166096664, -0.00000000000000051];
[-0.85612378873075956, -1.06465207886422930, -0.03319609933392540];
[-0.86354584795119105, -1.06415183902882093, -0.06553669291608949];
[-0.87613099014878060, -1.06406105667890594, -0.09625421310842980];
[-0.89278165669154252, -1.06307643527947771, -0.12448671059433061];
[-0.91349282859104441, -1.06198056083269265, -0.14955744706486196];
[-0.93736889064533835, -1.06021553481307307, -0.17076769796472871];
[-0.96446246705137340, -1.05890806168704854, -0.18777048088164439];
[-0.99345909302471846, -1.05711610032125503, -0.20000276946714515];
[-1.02378737864244762, -1.05516898187894625, -0.20722575303493343];
[-1.05452541396826205, -1.05289303571878579, -0.20926244245813772]];
