[[0.000000, 0.948683, -0.316228];
[-0.049469, 0.948683, -0.312334];
[-0.097720, 0.948683, -0.300750];
[-0.143564, 0.948683, -0.281761];
[-0.185874, 0.948683, -0.255834];
[-0.223607, 0.948683, -0.223607];
[-0.255834, 0.948683, -0.185874];
[-0.281761, 0.948683, -0.143564];
[-0.300750, 0.948683, -0.097720];
[-0.312334, 0.948683, -0.049469];
[-0.316228, 0.948683, 0.000000];
[-0.312334, 0.948683, 0.049469];
[-0.300750, 0.948683, 0.097720];
[-0.281761, 0.948683, 0.143564];
[-0.255834, 0.948683, 0.185874];
[-0.223607, 0.948683, 0.223607];
[-0.185874, 0.948683, 0.255834];
[-0.143564, 0.948683, 0.281761];
[-0.097720, 0.948683, 0.300750];
[-0.049469, 0.948683, 0.312334];
[0.000000, 0.948683, 0.316228];
[0.000000, 0.948683, -0.316228];
[-0.047745, 0.947235, -0.316965];
[-0.095720, 0.945986, -0.309755];
[-0.142675, 0.944965, -0.294425];
[-0.187276, 0.944178, -0.271028];
[-0.228143, 0.943613, -0.239884];
[-0.263909, 0.943242, -0.201609];
[-0.293289, 0.943023, -0.157129];
[-0.315165, 0.942909, -0.107673];
[-0.328662, 0.942860, -0.054734];
[-0.333224, 0.942848, 0.000000];
[-0.328662, 0.942860, 0.054734];
[-0.315165, 0.942909, 0.107673];
[-0.293289, 0.943023, 0.157129];
[-0.263909, 0.943242, 0.201609];
[-0.228143, 0.943613, 0.239884];
[-0.187276, 0.944178, 0.271028];
[-0.142675, 0.944965, 0.294425];
[-0.095720, 0.945986, 0.309755];
[-0.047745, 0.947235, 0.316965];
[0.000000, 0.948683, 0.316228];
[0.000000, 0.948683, -0.316228];
[-0.041173, 0.946074, -0.321324];
[-0.083752, 0.944178, -0.318613];
[-0.126734, 0.943088, -0.307446];
[-0.168896, 0.942819, -0.287344];
[-0.208800, 0.943287, -0.258092];
[-0.244827, 0.944308, -0.219868];
[-0.275264, 0.945608, -0.173364];
[-0.298461, 0.946865, -0.119869];
[-0.313014, 0.947770, -0.061280];
[-0.317977, 0.948099, 0.000000];
[-0.313014, 0.947770, 0.061280];
[-0.298461, 0.946865, 0.119869];
[-0.275264, 0.945608, 0.173364];
[-0.244827, 0.944308, 0.219868];
[-0.208800, 0.943287, 0.258092];
[-0.168896, 0.942819, 0.287344];
[-0.126734, 0.943088, 0.307446];
[-0.083752, 0.944178, 0.318613];
[-0.041173, 0.946074, 0.321324];
[0.000000, 0.948683, 0.316228];
[0.000000, 0.948683, -0.316228];
[-0.030248, 0.945260, -0.324914];
[-0.062301, 0.943242, -0.326210];
[-0.095570, 0.942887, -0.319108];
[-0.129235, 0.944308, -0.302622];
[-0.162181, 0.947400, -0.275918];
[-0.192964, 0.951774, -0.238517];
[-0.219846, 0.956739, -0.190575];
[-0.240932, 0.961361, -0.133184];
[-0.254449, 0.964653, -0.068564];
[-0.259112, 0.965847, 0.000000];
[-0.254449, 0.964653, 0.068564];
[-0.240932, 0.961361, 0.133184];
[-0.219846, 0.956739, 0.190575];
[-0.192964, 0.951774, 0.238517];
[-0.162181, 0.947400, 0.275918];
[-0.129235, 0.944308, 0.302622];
[-0.095570, 0.942887, 0.319108];
[-0.062301, 0.943242, 0.326210];
[-0.030248, 0.945260, 0.324914];
[0.000000, 0.948683, 0.316228];
[0.000000, 0.948683, -0.316228];
[-0.016018, 0.944790, -0.327284];
[-0.033273, 0.942909, -0.331384];
[-0.051539, 0.943502, -0.327333];
[-0.070457, 0.946865, -0.313820];
[-0.089467, 0.952981, -0.289521];
[-0.107748, 0.961361, -0.253330];
[-0.124186, 0.970901, -0.204766];
[-0.137433, 0.979913, -0.144505];
[-0.146105, 0.986431, -0.074885];
[-0.149131, 0.988817, 0.000000];
[-0.146105, 0.986431, 0.074885];
[-0.137433, 0.979913, 0.144505];
[-0.124186, 0.970901, 0.204766];
[-0.107748, 0.961361, 0.253330];
[-0.089467, 0.952981, 0.289521];
[-0.070457, 0.946865, 0.313820];
[-0.051539, 0.943502, 0.327333];
[-0.033273, 0.942909, 0.331384];
[-0.016018, 0.944790, 0.327284];
[0.000000, 0.948683, 0.316228];
[0.000000, 0.948683, -0.316228];
[0.000000, 0.944639, -0.328112];
[0.000000, 0.942848, -0.333224];
[0.000000, 0.943870, -0.330318];
[0.000000, 0.948099, -0.317977];
[0.000000, 0.955591, -0.294695];
[0.000000, 0.965847, -0.259112];
[0.000000, 0.977606, -0.210443];
[0.000000, 0.988817, -0.149131];
[0.000000, 0.996992, -0.077505];
[0.000000, 1.000000, 0.000000];
[0.000000, 0.996992, 0.077505];
[0.000000, 0.988817, 0.149131];
[0.000000, 0.977606, 0.210443];
[0.000000, 0.965847, 0.259112];
[0.000000, 0.955591, 0.294695];
[0.000000, 0.948099, 0.317977];
[0.000000, 0.943870, 0.330318];
[0.000000, 0.942848, 0.333224];
[0.000000, 0.944639, 0.328112];
[0.000000, 0.948683, 0.316228];
[0.000000, 0.948683, -0.316228];
[0.016018, 0.944790, -0.327284];
[0.033273, 0.942909, -0.331384];
[0.051539, 0.943502, -0.327333];
[0.070457, 0.946865, -0.313820];
[0.089467, 0.952981, -0.289521];
[0.107748, 0.961361, -0.253330];
[0.124186, 0.970901, -0.204766];
[0.137433, 0.979913, -0.144505];
[0.146105, 0.986431, -0.074885];
[0.149131, 0.988817, 0.000000];
[0.146105, 0.986431, 0.074885];
[0.137433, 0.979913, 0.144505];
[0.124186, 0.970901, 0.204766];
[0.107748, 0.961361, 0.253330];
[0.089467, 0.952981, 0.289521];
[0.070457, 0.946865, 0.313820];
[0.051539, 0.943502, 0.327333];
[0.033273, 0.942909, 0.331384];
[0.016018, 0.944790, 0.327284];
[0.000000, 0.948683, 0.316228];
[0.000000, 0.948683, -0.316228];
[0.030248, 0.945260, -0.324914];
[0.062301, 0.943242, -0.326210];
[0.095570, 0.942887, -0.319108];
[0.129235, 0.944308, -0.302622];
[0.162181, 0.947400, -0.275918];
[0.192964, 0.951774, -0.238517];
[0.219846, 0.956739, -0.190575];
[0.240932, 0.961361, -0.133184];
[0.254449, 0.964653, -0.068564];
[0.259112, 0.965847, 0.000000];
[0.254449, 0.964653, 0.068564];
[0.240932, 0.961361, 0.133184];
[0.219846, 0.956739, 0.190575];
[0.192964, 0.951774, 0.238517];
[0.162181, 0.947400, 0.275918];
[0.129235, 0.944308, 0.302622];
[0.095570, 0.942887, 0.319108];
[0.062301, 0.943242, 0.326210];
[0.030248, 0.945260, 0.324914];
[0.000000, 0.948683, 0.316228];
[0.000000, 0.948683, -0.316228];
[0.041173, 0.946074, -0.321324];
[0.083752, 0.944178, -0.318613];
[0.126734, 0.943088, -0.307446];
[0.168896, 0.942819, -0.287344];
[0.208800, 0.943287, -0.258092];
[0.244827, 0.944308, -0.219868];
[0.275264, 0.945608, -0.173364];
[0.298461, 0.946865, -0.119869];
[0.313014, 0.947770, -0.061280];
[0.317977, 0.948099, 0.000000];
[0.313014, 0.947770, 0.061280];
[0.298461, 0.946865, 0.119869];
[0.275264, 0.945608, 0.173364];
[0.244827, 0.944308, 0.219868];
[0.208800, 0.943287, 0.258092];
[0.168896, 0.942819, 0.287344];
[0.126734, 0.943088, 0.307446];
[0.083752, 0.944178, 0.318613];
[0.041173, 0.946074, 0.321324];
[0.000000, 0.948683, 0.316228];
[0.000000, 0.948683, -0.316228];
[0.047745, 0.947235, -0.316965];
[0.095720, 0.945986, -0.309755];
[0.142675, 0.944965, -0.294425];
[0.187276, 0.944178, -0.271028];
[0.228143, 0.943613, -0.239884];
[0.263909, 0.943242, -0.201609];
[0.293289, 0.943023, -0.157129];
[0.315165, 0.942909, -0.107673];
[0.328662, 0.942860, -0.054734];
[0.333224, 0.942848, 0.000000];
[0.328662, 0.942860, 0.054734];
[0.315165, 0.942909, 0.107673];
[0.293289, 0.943023, 0.157129];
[0.263909, 0.943242, 0.201609];
[0.228143, 0.943613, 0.239884];
[0.187276, 0.944178, 0.271028];
[0.142675, 0.944965, 0.294425];
[0.095720, 0.945986, 0.309755];
[0.047745, 0.947235, 0.316965];
[0.000000, 0.948683, 0.316228];
[0.000000, 0.948683, -0.316228];
[0.049469, 0.948683, -0.312334];
[0.097720, 0.948683, -0.300750];
[0.143564, 0.948683, -0.281761];
[0.185874, 0.948683, -0.255834];
[0.223607, 0.948683, -0.223607];
[0.255834, 0.948683, -0.185874];
[0.281761, 0.948683, -0.143564];
[0.300750, 0.948683, -0.097720];
[0.312334, 0.948683, -0.049469];
[0.316228, 0.948683, 0.000000];
[0.312334, 0.948683, 0.049469];
[0.300750, 0.948683, 0.097720];
[0.281761, 0.948683, 0.143564];
[0.255834, 0.948683, 0.185874];
[0.223607, 0.948683, 0.223607];
[0.185874, 0.948683, 0.255834];
[0.143564, 0.948683, 0.281761];
[0.097720, 0.948683, 0.300750];
[0.049469, 0.948683, 0.312334];
[0.000000, 0.948683, 0.316228];
[0.000000, 0.948683, -0.316228];
[0.046380, 0.950287, -0.307901];
[0.090384, 0.951988, -0.292488];
[0.131130, 0.953719, -0.270602];
[0.167866, 0.955407, -0.242938];
[0.199959, 0.956981, -0.210249];
[0.226890, 0.958373, -0.173328];
[0.248249, 0.959523, -0.132998];
[0.263722, 0.960382, -0.090098];
[0.273093, 0.960912, -0.045480];
[0.276231, 0.961091, 0.000000];
[0.273093, 0.960912, 0.045480];
[0.263722, 0.960382, 0.090098];
[0.248249, 0.959523, 0.132998];
[0.226890, 0.958373, 0.173328];
[0.199959, 0.956981, 0.210249];
[0.167866, 0.955407, 0.242938];
[0.131130, 0.953719, 0.270602];
[0.090384, 0.951988, 0.292488];
[0.046380, 0.950287, 0.307901];
[0.000000, 0.948683, 0.316228];
[0.000000, 0.948683, -0.316228];
[0.038961, 0.951856, -0.304060];
[0.075072, 0.955407, -0.285591];
[0.107834, 0.959135, -0.261596];
[0.136858, 0.962838, -0.232836];
[0.161844, 0.966326, -0.200050];
[0.182562, 0.969428, -0.163951];
[0.198839, 0.971998, -0.125231];
[0.210551, 0.973919, -0.084562];
[0.217610, 0.975106, -0.042602];
[0.219969, 0.975507, 0.000000];
[0.217610, 0.975106, 0.042602];
[0.210551, 0.973919, 0.084562];
[0.198839, 0.971998, 0.125231];
[0.182562, 0.969428, 0.163951];
[0.161844, 0.966326, 0.200050];
[0.136858, 0.962838, 0.232836];
[0.107834, 0.959135, 0.261596];
[0.075072, 0.955407, 0.285591];
[0.038961, 0.951856, 0.304060];
[0.000000, 0.948683, 0.316228];
[0.000000, 0.948683, -0.316228];
[0.028032, 0.953177, -0.301111];
[0.053561, 0.958373, -0.280451];
[0.076387, 0.963904, -0.255056];
[0.096368, 0.969428, -0.225659];
[0.113404, 0.974636, -0.192934];
[0.127423, 0.979263, -0.157503];
[0.138373, 0.983090, -0.119950];
[0.146219, 0.985945, -0.080828];
[0.150935, 0.987707, -0.040671];
[0.152509, 0.988302, 0.000000];
[0.150935, 0.987707, 0.040671];
[0.146219, 0.985945, 0.080828];
[0.138373, 0.983090, 0.119950];
[0.127423, 0.979263, 0.157503];
[0.113404, 0.974636, 0.192934];
[0.096368, 0.969428, 0.225659];
[0.076387, 0.963904, 0.255056];
[0.053561, 0.958373, 0.280451];
[0.028032, 0.953177, 0.301111];
[0.000000, 0.948683, 0.316228];
[0.000000, 0.948683, -0.316228];
[0.014647, 0.954058, -0.299263];
[0.027842, 0.960382, -0.277294];
[0.039537, 0.967152, -0.251106];
[0.049704, 0.973919, -0.221386];
[0.058326, 0.980292, -0.188747];
[0.065391, 0.985945, -0.153743];
[0.070892, 0.990611, -0.116892];
[0.074825, 0.994088, -0.078676];
[0.077186, 0.996232, -0.039561];
[0.077973, 0.996955, 0.000000];
[0.077186, 0.996232, 0.039561];
[0.074825, 0.994088, 0.078676];
[0.070892, 0.990611, 0.116892];
[0.065391, 0.985945, 0.153743];
[0.058326, 0.980292, 0.188747];
[0.049704, 0.973919, 0.221386];
[0.039537, 0.967152, 0.251106];
[0.027842, 0.960382, 0.277294];
[0.014647, 0.954058, 0.299263];
[0.000000, 0.948683, 0.316228];
[0.000000, 0.948683, -0.316228];
[0.000000, 0.954368, -0.298634];
[0.000000, 0.961091, -0.276231];
[0.000000, 0.968301, -0.249787];
[0.000000, 0.975507, -0.219969];
[0.000000, 0.982290, -0.187366];
[0.000000, 0.988302, -0.152509];
[0.000000, 0.993262, -0.115891];
[0.000000, 0.996955, -0.077973];
[0.000000, 0.999231, -0.039199];
[0.000000, 1.000000, 0.000000];
[0.000000, 0.999231, 0.039199];
[0.000000, 0.996955, 0.077973];
[0.000000, 0.993262, 0.115891];
[0.000000, 0.988302, 0.152509];
[0.000000, 0.982290, 0.187366];
[0.000000, 0.975507, 0.219969];
[0.000000, 0.968301, 0.249787];
[0.000000, 0.961091, 0.276231];
[0.000000, 0.954368, 0.298634];
[0.000000, 0.948683, 0.316228];
[0.000000, 0.948683, -0.316228];
[-0.014647, 0.954058, -0.299263];
[-0.027842, 0.960382, -0.277294];
[-0.039537, 0.967152, -0.251106];
[-0.049704, 0.973919, -0.221386];
[-0.058326, 0.980292, -0.188747];
[-0.065391, 0.985945, -0.153743];
[-0.070892, 0.990611, -0.116892];
[-0.074825, 0.994088, -0.078676];
[-0.077186, 0.996232, -0.039561];
[-0.077973, 0.996955, 0.000000];
[-0.077186, 0.996232, 0.039561];
[-0.074825, 0.994088, 0.078676];
[-0.070892, 0.990611, 0.116892];
[-0.065391, 0.985945, 0.153743];
[-0.058326, 0.980292, 0.188747];
[-0.049704, 0.973919, 0.221386];
[-0.039537, 0.967152, 0.251106];
[-0.027842, 0.960382, 0.277294];
[-0.014647, 0.954058, 0.299263];
[0.000000, 0.948683, 0.316228];
[0.000000, 0.948683, -0.316228];
[-0.028032, 0.953177, -0.301111];
[-0.053561, 0.958373, -0.280451];
[-0.076387, 0.963904, -0.255056];
[-0.096368, 0.969428, -0.225659];
[-0.113404, 0.974636, -0.192934];
[-0.127423, 0.979263, -0.157503];
[-0.138373, 0.983090, -0.119950];
[-0.146219, 0.985945, -0.080828];
[-0.150935, 0.987707, -0.040671];
[-0.152509, 0.988302, 0.000000];
[-0.150935, 0.987707, 0.040671];
[-0.146219, 0.985945, 0.080828];
[-0.138373, 0.983090, 0.119950];
[-0.127423, 0.979263, 0.157503];
[-0.113404, 0.974636, 0.192934];
[-0.096368, 0.969428, 0.225659];
[-0.076387, 0.963904, 0.255056];
[-0.053561, 0.958373, 0.280451];
[-0.028032, 0.953177, 0.301111];
[0.000000, 0.948683, 0.316228];
[0.000000, 0.948683, -0.316228];
[-0.038961, 0.951856, -0.304060];
[-0.075072, 0.955407, -0.285591];
[-0.107834, 0.959135, -0.261596];
[-0.136858, 0.962838, -0.232836];
[-0.161844, 0.966326, -0.200050];
[-0.182562, 0.969428, -0.163951];
[-0.198839, 0.971998, -0.125231];
[-0.210551, 0.973919, -0.084562];
[-0.217610, 0.975106, -0.042602];
[-0.219969, 0.975507, 0.000000];
[-0.217610, 0.975106, 0.042602];
[-0.210551, 0.973919, 0.084562];
[-0.198839, 0.971998, 0.125231];
[-0.182562, 0.969428, 0.163951];
[-0.161844, 0.966326, 0.200050];
[-0.136858, 0.962838, 0.232836];
[-0.107834, 0.959135, 0.261596];
[-0.075072, 0.955407, 0.285591];
[-0.038961, 0.951856, 0.304060];
[0.000000, 0.948683, 0.316228];
[0.000000, 0.948683, -0.316228];
[-0.046380, 0.950287, -0.307901];
[-0.090384, 0.951988, -0.292488];
[-0.131130, 0.953719, -0.270602];
[-0.167866, 0.955407, -0.242938];
[-0.199959, 0.956981, -0.210249];
[-0.226890, 0.958373, -0.173328];
[-0.248249, 0.959523, -0.132998];
[-0.263722, 0.960382, -0.090098];
[-0.273093, 0.960912, -0.045480];
[-0.276231, 0.961091, 0.000000];
[-0.273093, 0.960912, 0.045480];
[-0.263722, 0.960382, 0.090098];
[-0.248249, 0.959523, 0.132998];
[-0.226890, 0.958373, 0.173328];
[-0.199959, 0.956981, 0.210249];
[-0.167866, 0.955407, 0.242938];
[-0.131130, 0.953719, 0.270602];
[-0.090384, 0.951988, 0.292488];
[-0.046380, 0.950287, 0.307901];
[0.000000, 0.948683, 0.316228];
[0.000000, 0.948683, -0.316228];
[-0.049469, 0.948683, -0.312334];
[-0.097720, 0.948683, -0.300750];
[-0.143564, 0.948683, -0.281761];
[-0.185874, 0.948683, -0.255834];
[-0.223607, 0.948683, -0.223607];
[-0.255834, 0.948683, -0.185874];
[-0.281761, 0.948683, -0.143564];
[-0.300750, 0.948683, -0.097720];
[-0.312334, 0.948683, -0.049469];
[-0.316228, 0.948683, 0.000000];
[-0.312334, 0.948683, 0.049469];
[-0.300750, 0.948683, 0.097720];
[-0.281761, 0.948683, 0.143564];
[-0.255834, 0.948683, 0.185874];
[-0.223607, 0.948683, 0.223607];
[-0.185874, 0.948683, 0.255834];
[-0.143564, 0.948683, 0.281761];
[-0.097720, 0.948683, 0.300750];
[-0.049469, 0.948683, 0.312334];
[0.000000, 0.948683, 0.316228];
[0.000000, -0.948683, -0.316228];
[-0.049469, -0.948683, -0.312334];
[-0.097720, -0.948683, -0.300750];
[-0.143564, -0.948683, -0.281761];
[-0.185874, -0.948683, -0.255834];
[-0.223607, -0.948683, -0.223607];
[-0.255834, -0.948683, -0.185874];
[-0.281761, -0.948683, -0.143564];
[-0.300750, -0.948683, -0.097720];
[-0.312334, -0.948683, -0.049469];
[-0.316228, -0.948683, 0.000000];
[-0.312334, -0.948683, 0.049469];
[-0.300750, -0.948683, 0.097720];
[-0.281761, -0.948683, 0.143564];
[-0.255834, -0.948683, 0.185874];
[-0.223607, -0.948683, 0.223607];
[-0.185874, -0.948683, 0.255834];
[-0.143564, -0.948683, 0.281761];
[-0.097720, -0.948683, 0.300750];
[-0.049469, -0.948683, 0.312334];
[0.000000, -0.948683, 0.316228];
[0.000000, -0.948683, -0.316228];
[-0.046380, -0.950287, -0.307901];
[-0.090384, -0.951988, -0.292488];
[-0.131130, -0.953719, -0.270602];
[-0.167866, -0.955407, -0.242938];
[-0.199959, -0.956981, -0.210249];
[-0.226890, -0.958373, -0.173328];
[-0.248249, -0.959523, -0.132998];
[-0.263722, -0.960382, -0.090098];
[-0.273093, -0.960912, -0.045480];
[-0.276231, -0.961091, 0.000000];
[-0.273093, -0.960912, 0.045480];
[-0.263722, -0.960382, 0.090098];
[-0.248249, -0.959523, 0.132998];
[-0.226890, -0.958373, 0.173328];
[-0.199959, -0.956981, 0.210249];
[-0.167866, -0.955407, 0.242938];
[-0.131130, -0.953719, 0.270602];
[-0.090384, -0.951988, 0.292488];
[-0.046380, -0.950287, 0.307901];
[0.000000, -0.948683, 0.316228];
[0.000000, -0.948683, -0.316228];
[-0.038961, -0.951856, -0.304060];
[-0.075072, -0.955407, -0.285591];
[-0.107834, -0.959135, -0.261596];
[-0.136858, -0.962838, -0.232836];
[-0.161844, -0.966326, -0.200050];
[-0.182562, -0.969428, -0.163951];
[-0.198839, -0.971998, -0.125231];
[-0.210551, -0.973919, -0.084562];
[-0.217610, -0.975106, -0.042602];
[-0.219969, -0.975507, 0.000000];
[-0.217610, -0.975106, 0.042602];
[-0.210551, -0.973919, 0.084562];
[-0.198839, -0.971998, 0.125231];
[-0.182562, -0.969428, 0.163951];
[-0.161844, -0.966326, 0.200050];
[-0.136858, -0.962838, 0.232836];
[-0.107834, -0.959135, 0.261596];
[-0.075072, -0.955407, 0.285591];
[-0.038961, -0.951856, 0.304060];
[0.000000, -0.948683, 0.316228];
[0.000000, -0.948683, -0.316228];
[-0.028032, -0.953177, -0.301111];
[-0.053561, -0.958373, -0.280451];
[-0.076387, -0.963904, -0.255056];
[-0.096368, -0.969428, -0.225659];
[-0.113404, -0.974636, -0.192934];
[-0.127423, -0.979263, -0.157503];
[-0.138373, -0.983090, -0.119950];
[-0.146219, -0.985945, -0.080828];
[-0.150935, -0.987707, -0.040671];
[-0.152509, -0.988302, 0.000000];
[-0.150935, -0.987707, 0.040671];
[-0.146219, -0.985945, 0.080828];
[-0.138373, -0.983090, 0.119950];
[-0.127423, -0.979263, 0.157503];
[-0.113404, -0.974636, 0.192934];
[-0.096368, -0.969428, 0.225659];
[-0.076387, -0.963904, 0.255056];
[-0.053561, -0.958373, 0.280451];
[-0.028032, -0.953177, 0.301111];
[0.000000, -0.948683, 0.316228];
[0.000000, -0.948683, -0.316228];
[-0.014647, -0.954058, -0.299263];
[-0.027842, -0.960382, -0.277294];
[-0.039537, -0.967152, -0.251106];
[-0.049704, -0.973919, -0.221386];
[-0.058326, -0.980292, -0.188747];
[-0.065391, -0.985945, -0.153743];
[-0.070892, -0.990611, -0.116892];
[-0.074825, -0.994088, -0.078676];
[-0.077186, -0.996232, -0.039561];
[-0.077973, -0.996955, 0.000000];
[-0.077186, -0.996232, 0.039561];
[-0.074825, -0.994088, 0.078676];
[-0.070892, -0.990611, 0.116892];
[-0.065391, -0.985945, 0.153743];
[-0.058326, -0.980292, 0.188747];
[-0.049704, -0.973919, 0.221386];
[-0.039537, -0.967152, 0.251106];
[-0.027842, -0.960382, 0.277294];
[-0.014647, -0.954058, 0.299263];
[0.000000, -0.948683, 0.316228];
[0.000000, -0.948683, -0.316228];
[0.000000, -0.954368, -0.298634];
[0.000000, -0.961091, -0.276231];
[0.000000, -0.968301, -0.249787];
[0.000000, -0.975507, -0.219969];
[0.000000, -0.982290, -0.187366];
[0.000000, -0.988302, -0.152509];
[0.000000, -0.993262, -0.115891];
[0.000000, -0.996955, -0.077973];
[0.000000, -0.999231, -0.039199];
[0.000000, -1.000000, 0.000000];
[0.000000, -0.999231, 0.039199];
[0.000000, -0.996955, 0.077973];
[0.000000, -0.993262, 0.115891];
[0.000000, -0.988302, 0.152509];
[0.000000, -0.982290, 0.187366];
[0.000000, -0.975507, 0.219969];
[0.000000, -0.968301, 0.249787];
[0.000000, -0.961091, 0.276231];
[0.000000, -0.954368, 0.298634];
[0.000000, -0.948683, 0.316228];
[0.000000, -0.948683, -0.316228];
[0.014647, -0.954058, -0.299263];
[0.027842, -0.960382, -0.277294];
[0.039537, -0.967152, -0.251106];
[0.049704, -0.973919, -0.221386];
[0.058326, -0.980292, -0.188747];
[0.065391, -0.985945, -0.153743];
[0.070892, -0.990611, -0.116892];
[0.074825, -0.994088, -0.078676];
[0.077186, -0.996232, -0.039561];
[0.077973, -0.996955, 0.000000];
[0.077186, -0.996232, 0.039561];
[0.074825, -0.994088, 0.078676];
[0.070892, -0.990611, 0.116892];
[0.065391, -0.985945, 0.153743];
[0.058326, -0.980292, 0.188747];
[0.049704, -0.973919, 0.221386];
[0.039537, -0.967152, 0.251106];
[0.027842, -0.960382, 0.277294];
[0.014647, -0.954058, 0.299263];
[0.000000, -0.948683, 0.316228];
[0.000000, -0.948683, -0.316228];
[0.028032, -0.953177, -0.301111];
[0.053561, -0.958373, -0.280451];
[0.076387, -0.963904, -0.255056];
[0.096368, -0.969428, -0.225659];
[0.113404, -0.974636, -0.192934];
[0.127423, -0.979263, -0.157503];
[0.138373, -0.983090, -0.119950];
[0.146219, -0.985945, -0.080828];
[0.150935, -0.987707, -0.040671];
[0.152509, -0.988302, 0.000000];
[0.150935, -0.987707, 0.040671];
[0.146219, -0.985945, 0.080828];
[0.138373, -0.983090, 0.119950];
[0.127423, -0.979263, 0.157503];
[0.113404, -0.974636, 0.192934];
[0.096368, -0.969428, 0.225659];
[0.076387, -0.963904, 0.255056];
[0.053561, -0.958373, 0.280451];
[0.028032, -0.953177, 0.301111];
[0.000000, -0.948683, 0.316228];
[0.000000, -0.948683, -0.316228];
[0.038961, -0.951856, -0.304060];
[0.075072, -0.955407, -0.285591];
[0.107834, -0.959135, -0.261596];
[0.136858, -0.962838, -0.232836];
[0.161844, -0.966326, -0.200050];
[0.182562, -0.969428, -0.163951];
[0.198839, -0.971998, -0.125231];
[0.210551, -0.973919, -0.084562];
[0.217610, -0.975106, -0.042602];
[0.219969, -0.975507, 0.000000];
[0.217610, -0.975106, 0.042602];
[0.210551, -0.973919, 0.084562];
[0.198839, -0.971998, 0.125231];
[0.182562, -0.969428, 0.163951];
[0.161844, -0.966326, 0.200050];
[0.136858, -0.962838, 0.232836];
[0.107834, -0.959135, 0.261596];
[0.075072, -0.955407, 0.285591];
[0.038961, -0.951856, 0.304060];
[0.000000, -0.948683, 0.316228];
[0.000000, -0.948683, -0.316228];
[0.046380, -0.950287, -0.307901];
[0.090384, -0.951988, -0.292488];
[0.131130, -0.953719, -0.270602];
[0.167866, -0.955407, -0.242938];
[0.199959, -0.956981, -0.210249];
[0.226890, -0.958373, -0.173328];
[0.248249, -0.959523, -0.132998];
[0.263722, -0.960382, -0.090098];
[0.273093, -0.960912, -0.045480];
[0.276231, -0.961091, 0.000000];
[0.273093, -0.960912, 0.045480];
[0.263722, -0.960382, 0.090098];
[0.248249, -0.959523, 0.132998];
[0.226890, -0.958373, 0.173328];
[0.199959, -0.956981, 0.210249];
[0.167866, -0.955407, 0.242938];
[0.131130, -0.953719, 0.270602];
[0.090384, -0.951988, 0.292488];
[0.046380, -0.950287, 0.307901];
[0.000000, -0.948683, 0.316228];
[0.000000, -0.948683, -0.316228];
[0.049469, -0.948683, -0.312334];
[0.097720, -0.948683, -0.300750];
[0.143564, -0.948683, -0.281761];
[0.185874, -0.948683, -0.255834];
[0.223607, -0.948683, -0.223607];
[0.255834, -0.948683, -0.185874];
[0.281761, -0.948683, -0.143564];
[0.300750, -0.948683, -0.097720];
[0.312334, -0.948683, -0.049469];
[0.316228, -0.948683, 0.000000];
[0.312334, -0.948683, 0.049469];
[0.300750, -0.948683, 0.097720];
[0.281761, -0.948683, 0.143564];
[0.255834, -0.948683, 0.185874];
[0.223607, -0.948683, 0.223607];
[0.185874, -0.948683, 0.255834];
[0.143564, -0.948683, 0.281761];
[0.097720, -0.948683, 0.300750];
[0.049469, -0.948683, 0.312334];
[0.000000, -0.948683, 0.316228];
[0.000000, -0.948683, -0.316228];
[0.047745, -0.947235, -0.316965];
[0.095720, -0.945986, -0.309755];
[0.142675, -0.944965, -0.294425];
[0.187276, -0.944178, -0.271028];
[0.228143, -0.943613, -0.239884];
[0.263909, -0.943242, -0.201609];
[0.293289, -0.943023, -0.157129];
[0.315165, -0.942909, -0.107673];
[0.328662, -0.942860, -0.054734];
[0.333224, -0.942848, 0.000000];
[0.328662, -0.942860, 0.054734];
[0.315165, -0.942909, 0.107673];
[0.293289, -0.943023, 0.157129];
[0.263909, -0.943242, 0.201609];
[0.228143, -0.943613, 0.239884];
[0.187276, -0.944178, 0.271028];
[0.142675, -0.944965, 0.294425];
[0.095720, -0.945986, 0.309755];
[0.047745, -0.947235, 0.316965];
[0.000000, -0.948683, 0.316228];
[0.000000, -0.948683, -0.316228];
[0.041173, -0.946074, -0.321324];
[0.083752, -0.944178, -0.318613];
[0.126734, -0.943088, -0.307446];
[0.168896, -0.942819, -0.287344];
[0.208800, -0.943287, -0.258092];
[0.244827, -0.944308, -0.219868];
[0.275264, -0.945608, -0.173364];
[0.298461, -0.946865, -0.119869];
[0.313014, -0.947770, -0.061280];
[0.317977, -0.948099, 0.000000];
[0.313014, -0.947770, 0.061280];
[0.298461, -0.946865, 0.119869];
[0.275264, -0.945608, 0.173364];
[0.244827, -0.944308, 0.219868];
[0.208800, -0.943287, 0.258092];
[0.168896, -0.942819, 0.287344];
[0.126734, -0.943088, 0.307446];
[0.083752, -0.944178, 0.318613];
[0.041173, -0.946074, 0.321324];
[0.000000, -0.948683, 0.316228];
[0.000000, -0.948683, -0.316228];
[0.030248, -0.945260, -0.324914];
[0.062301, -0.943242, -0.326210];
[0.095570, -0.942887, -0.319108];
[0.129235, -0.944308, -0.302622];
[0.162181, -0.947400, -0.275918];
[0.192964, -0.951774, -0.238517];
[0.219846, -0.956739, -0.190575];
[0.240932, -0.961361, -0.133184];
[0.254449, -0.964653, -0.068564];
[0.259112, -0.965847, 0.000000];
[0.254449, -0.964653, 0.068564];
[0.240932, -0.961361, 0.133184];
[0.219846, -0.956739, 0.190575];
[0.192964, -0.951774, 0.238517];
[0.162181, -0.947400, 0.275918];
[0.129235, -0.944308, 0.302622];
[0.095570, -0.942887, 0.319108];
[0.062301, -0.943242, 0.326210];
[0.030248, -0.945260, 0.324914];
[0.000000, -0.948683, 0.316228];
[0.000000, -0.948683, -0.316228];
[0.016018, -0.944790, -0.327284];
[0.033273, -0.942909, -0.331384];
[0.051539, -0.943502, -0.327333];
[0.070457, -0.946865, -0.313820];
[0.089467, -0.952981, -0.289521];
[0.107748, -0.961361, -0.253330];
[0.124186, -0.970901, -0.204766];
[0.137433, -0.979913, -0.144505];
[0.146105, -0.986431, -0.074885];
[0.149131, -0.988817, 0.000000];
[0.146105, -0.986431, 0.074885];
[0.137433, -0.979913, 0.144505];
[0.124186, -0.970901, 0.204766];
[0.107748, -0.961361, 0.253330];
[0.089467, -0.952981, 0.289521];
[0.070457, -0.946865, 0.313820];
[0.051539, -0.943502, 0.327333];
[0.033273, -0.942909, 0.331384];
[0.016018, -0.944790, 0.327284];
[0.000000, -0.948683, 0.316228];
[0.000000, -0.948683, -0.316228];
[0.000000, -0.944639, -0.328112];
[0.000000, -0.942848, -0.333224];
[0.000000, -0.943870, -0.330318];
[0.000000, -0.948099, -0.317977];
[0.000000, -0.955591, -0.294695];
[0.000000, -0.965847, -0.259112];
[0.000000, -0.977606, -0.210443];
[0.000000, -0.988817, -0.149131];
[0.000000, -0.996992, -0.077505];
[0.000000, -1.000000, 0.000000];
[0.000000, -0.996992, 0.077505];
[0.000000, -0.988817, 0.149131];
[0.000000, -0.977606, 0.210443];
[0.000000, -0.965847, 0.259112];
[0.000000, -0.955591, 0.294695];
[0.000000, -0.948099, 0.317977];
[0.000000, -0.943870, 0.330318];
[0.000000, -0.942848, 0.333224];
[0.000000, -0.944639, 0.328112];
[0.000000, -0.948683, 0.316228];
[0.000000, -0.948683, -0.316228];
[-0.016018, -0.944790, -0.327284];
[-0.033273, -0.942909, -0.331384];
[-0.051539, -0.943502, -0.327333];
[-0.070457, -0.946865, -0.313820];
[-0.089467, -0.952981, -0.289521];
[-0.107748, -0.961361, -0.253330];
[-0.124186, -0.970901, -0.204766];
[-0.137433, -0.979913, -0.144505];
[-0.146105, -0.986431, -0.074885];
[-0.149131, -0.988817, 0.000000];
[-0.146105, -0.986431, 0.074885];
[-0.137433, -0.979913, 0.144505];
[-0.124186, -0.970901, 0.204766];
[-0.107748, -0.961361, 0.253330];
[-0.089467, -0.952981, 0.289521];
[-0.070457, -0.946865, 0.313820];
[-0.051539, -0.943502, 0.327333];
[-0.033273, -0.942909, 0.331384];
[-0.016018, -0.944790, 0.327284];
[0.000000, -0.948683, 0.316228];
[0.000000, -0.948683, -0.316228];
[-0.030248, -0.945260, -0.324914];
[-0.062301, -0.943242, -0.326210];
[-0.095570, -0.942887, -0.319108];
[-0.129235, -0.944308, -0.302622];
[-0.162181, -0.947400, -0.275918];
[-0.192964, -0.951774, -0.238517];
[-0.219846, -0.956739, -0.190575];
[-0.240932, -0.961361, -0.133184];
[-0.254449, -0.964653, -0.068564];
[-0.259112, -0.965847, 0.000000];
[-0.254449, -0.964653, 0.068564];
[-0.240932, -0.961361, 0.133184];
[-0.219846, -0.956739, 0.190575];
[-0.192964, -0.951774, 0.238517];
[-0.162181, -0.947400, 0.275918];
[-0.129235, -0.944308, 0.302622];
[-0.095570, -0.942887, 0.319108];
[-0.062301, -0.943242, 0.326210];
[-0.030248, -0.945260, 0.324914];
[0.000000, -0.948683, 0.316228];
[0.000000, -0.948683, -0.316228];
[-0.041173, -0.946074, -0.321324];
[-0.083752, -0.944178, -0.318613];
[-0.126734, -0.943088, -0.307446];
[-0.168896, -0.942819, -0.287344];
[-0.208800, -0.943287, -0.258092];
[-0.244827, -0.944308, -0.219868];
[-0.275264, -0.945608, -0.173364];
[-0.298461, -0.946865, -0.119869];
[-0.313014, -0.947770, -0.061280];
[-0.317977, -0.948099, 0.000000];
[-0.313014, -0.947770, 0.061280];
[-0.298461, -0.946865, 0.119869];
[-0.275264, -0.945608, 0.173364];
[-0.244827, -0.944308, 0.219868];
[-0.208800, -0.943287, 0.258092];
[-0.168896, -0.942819, 0.287344];
[-0.126734, -0.943088, 0.307446];
[-0.083752, -0.944178, 0.318613];
[-0.041173, -0.946074, 0.321324];
[0.000000, -0.948683, 0.316228];
[0.000000, -0.948683, -0.316228];
[-0.047745, -0.947235, -0.316965];
[-0.095720, -0.945986, -0.309755];
[-0.142675, -0.944965, -0.294425];
[-0.187276, -0.944178, -0.271028];
[-0.228143, -0.943613, -0.239884];
[-0.263909, -0.943242, -0.201609];
[-0.293289, -0.943023, -0.157129];
[-0.315165, -0.942909, -0.107673];
[-0.328662, -0.942860, -0.054734];
[-0.333224, -0.942848, 0.000000];
[-0.328662, -0.942860, 0.054734];
[-0.315165, -0.942909, 0.107673];
[-0.293289, -0.943023, 0.157129];
[-0.263909, -0.943242, 0.201609];
[-0.228143, -0.943613, 0.239884];
[-0.187276, -0.944178, 0.271028];
[-0.142675, -0.944965, 0.294425];
[-0.095720, -0.945986, 0.309755];
[-0.047745, -0.947235, 0.316965];
[0.000000, -0.948683, 0.316228];
[0.000000, -0.948683, -0.316228];
[-0.049469, -0.948683, -0.312334];
[-0.097720, -0.948683, -0.300750];
[-0.143564, -0.948683, -0.281761];
[-0.185874, -0.948683, -0.255834];
[-0.223607, -0.948683, -0.223607];
[-0.255834, -0.948683, -0.185874];
[-0.281761, -0.948683, -0.143564];
[-0.300750, -0.948683, -0.097720];
[-0.312334, -0.948683, -0.049469];
[-0.316228, -0.948683, 0.000000];
[-0.312334, -0.948683, 0.049469];
[-0.300750, -0.948683, 0.097720];
[-0.281761, -0.948683, 0.143564];
[-0.255834, -0.948683, 0.185874];
[-0.223607, -0.948683, 0.223607];
[-0.185874, -0.948683, 0.255834];
[-0.143564, -0.948683, 0.281761];
[-0.097720, -0.948683, 0.300750];
[-0.049469, -0.948683, 0.312334];
[0.000000, -0.948683, 0.316228];
[0.617213, 0.771517, -0.154303];
[0.602113, 0.783275, -0.154726];
[0.587071, 0.795277, -0.151271];
[0.572473, 0.807207, -0.143845];
[0.558721, 0.818708, -0.132470];
[0.546218, 0.829390, -0.117293];
[0.535353, 0.838852, -0.098613];
[0.526480, 0.846705, -0.076879];
[0.519904, 0.852598, -0.052693];
[0.515861, 0.856254, -0.026790];
[0.514496, 0.857493, 0.000000];
[0.515861, 0.856254, 0.026790];
[0.519904, 0.852598, 0.052693];
[0.526480, 0.846705, 0.076879];
[0.535353, 0.838852, 0.098613];
[0.546218, 0.829390, 0.117293];
[0.558721, 0.818708, 0.132470];
[0.572473, 0.807207, 0.143845];
[0.587071, 0.795277, 0.151271];
[0.602113, 0.783275, 0.154726];
[0.617213, 0.771517, 0.154303];
[0.617213, 0.771517, -0.154303];
[0.606463, 0.779751, -0.155534];
[0.595795, 0.788450, -0.152892];
[0.585484, 0.797393, -0.146198];
[0.575809, 0.806298, -0.135380];
[0.567046, 0.814824, -0.120500];
[0.559458, 0.822585, -0.101790];
[0.553280, 0.829176, -0.079675];
[0.548713, 0.834214, -0.054777];
[0.545909, 0.837380, -0.027902];
[0.544964, 0.838460, 0.000000];
[0.545909, 0.837380, 0.027902];
[0.548713, 0.834214, 0.054777];
[0.553280, 0.829176, 0.079675];
[0.559458, 0.822585, 0.101790];
[0.567046, 0.814824, 0.120500];
[0.575809, 0.806298, 0.135380];
[0.585484, 0.797393, 0.146198];
[0.595795, 0.788450, 0.152892];
[0.606463, 0.779751, 0.155534];
[0.617213, 0.771517, 0.154303];
[0.617213, 0.771517, -0.154303];
[0.611925, 0.775372, -0.156035];
[0.606866, 0.779760, -0.153910];
[0.602173, 0.784585, -0.147697];
[0.597962, 0.789684, -0.137258];
[0.594326, 0.794825, -0.122596];
[0.591325, 0.799713, -0.103893];
[0.588992, 0.804014, -0.081544];
[0.587335, 0.807392, -0.056181];
[0.586347, 0.809553, -0.028656];
[0.586019, 0.810297, 0.000000];
[0.586347, 0.809553, 0.028656];
[0.587335, 0.807392, 0.056181];
[0.588992, 0.804014, 0.081544];
[0.591325, 0.799713, 0.103893];
[0.594326, 0.794825, 0.122596];
[0.597962, 0.789684, 0.137258];
[0.602173, 0.784585, 0.147697];
[0.606866, 0.779760, 0.153910];
[0.611925, 0.775372, 0.156035];
[0.617213, 0.771517, 0.154303];
[0.617213, 0.771517, -0.154303];
[0.617926, 0.770570, -0.156170];
[0.619038, 0.770077, -0.154187];
[0.620536, 0.770065, -0.148106];
[0.622358, 0.770512, -0.137775];
[0.624391, 0.771339, -0.123177];
[0.626473, 0.772409, -0.104479];
[0.628407, 0.773544, -0.082068];
[0.629984, 0.774545, -0.056576];
[0.631017, 0.775232, -0.028868];
[0.631377, 0.775476, 0.000000];
[0.631017, 0.775232, 0.028868];
[0.629984, 0.774545, 0.056576];
[0.628407, 0.773544, 0.082068];
[0.626473, 0.772409, 0.104479];
[0.624391, 0.771339, 0.123177];
[0.622358, 0.770512, 0.137775];
[0.620536, 0.770065, 0.148106];
[0.619038, 0.770077, 0.154187];
[0.617926, 0.770570, 0.156170];
[0.617213, 0.771517, 0.154303];
[0.617213, 0.771517, -0.154303];
[0.623834, 0.765845, -0.155923];
[0.630933, 0.760464, -0.153682];
[0.638339, 0.755518, -0.147359];
[0.645821, 0.751127, -0.136833];
[0.653080, 0.747378, -0.122120];
[0.659768, 0.744320, -0.103414];
[0.665508, 0.741970, -0.081117];
[0.669932, 0.740318, -0.055859];
[0.672727, 0.739342, -0.028483];
[0.673684, 0.739020, 0.000000];
[0.672727, 0.739342, 0.028483];
[0.669932, 0.740318, 0.055859];
[0.665508, 0.741970, 0.081117];
[0.659768, 0.744320, 0.103414];
[0.653080, 0.747378, 0.122120];
[0.645821, 0.751127, 0.136833];
[0.638339, 0.755518, 0.147359];
[0.630933, 0.760464, 0.153682];
[0.623834, 0.765845, 0.155923];
[0.617213, 0.771517, 0.154303];
[0.617213, 0.771517, -0.154303];
[0.629039, 0.761698, -0.155324];
[0.641254, 0.752028, -0.152467];
[0.653545, 0.742756, -0.145578];
[0.665539, 0.734125, -0.134608];
[0.676811, 0.726369, -0.119644];
[0.686906, 0.719703, -0.100938];
[0.695364, 0.714311, -0.078922];
[0.701760, 0.710347, -0.054214];
[0.705750, 0.707923, -0.027601];
[0.707107, 0.707107, 0.000000];
[0.705750, 0.707923, 0.027601];
[0.701760, 0.710347, 0.054214];
[0.695364, 0.714311, 0.078922];
[0.686906, 0.719703, 0.100938];
[0.676811, 0.726369, 0.119644];
[0.665539, 0.734125, 0.134608];
[0.653545, 0.742756, 0.145578];
[0.641254, 0.752028, 0.152467];
[0.629039, 0.761698, 0.155324];
[0.617213, 0.771517, 0.154303];
[0.617213, 0.771517, -0.154303];
[0.633025, 0.758569, -0.154441];
[0.648975, 0.745734, -0.150705];
[0.664644, 0.733341, -0.143034];
[0.679578, 0.721726, -0.131477];
[0.693302, 0.711215, -0.116211];
[0.705344, 0.702121, -0.097551];
[0.715256, 0.694723, -0.075952];
[0.722648, 0.689257, -0.052007];
[0.727213, 0.685903, -0.026424];
[0.728757, 0.684772, 0.000000];
[0.727213, 0.685903, 0.026424];
[0.722648, 0.689257, 0.052007];
[0.715256, 0.694723, 0.075952];
[0.705344, 0.702121, 0.097551];
[0.693302, 0.711215, 0.116211];
[0.679578, 0.721726, 0.131477];
[0.664644, 0.733341, 0.143034];
[0.648975, 0.745734, 0.150705];
[0.633025, 0.758569, 0.154441];
[0.617213, 0.771517, 0.154303];
[0.617213, 0.771517, -0.154303];
[0.635423, 0.756778, -0.153374];
[0.653436, 0.742250, -0.148615];
[0.670786, 0.728303, -0.140074];
[0.687008, 0.715304, -0.127903];
[0.701650, 0.703607, -0.112360];
[0.714289, 0.693535, -0.093810];
[0.724548, 0.685378, -0.072714];
[0.732114, 0.679372, -0.049624];
[0.736752, 0.675695, -0.025161];
[0.738314, 0.674457, 0.000000];
[0.736752, 0.675695, 0.025161];
[0.732114, 0.679372, 0.049624];
[0.724548, 0.685378, 0.072714];
[0.714289, 0.693535, 0.093810];
[0.701650, 0.703607, 0.112360];
[0.687008, 0.715304, 0.127903];
[0.670786, 0.728303, 0.140074];
[0.653436, 0.742250, 0.148615];
[0.635423, 0.756778, 0.153374];
[0.617213, 0.771517, 0.154303];
[0.617213, 0.771517, -0.154303];
[0.636038, 0.756492, -0.152235];
[0.654360, 0.741870, -0.146431];
[0.671733, 0.728007, -0.137046];
[0.687735, 0.715238, -0.124318];
[0.701981, 0.703872, -0.108567];
[0.714130, 0.694179, -0.090183];
[0.723892, 0.686392, -0.069615];
[0.731035, 0.680694, -0.047365];
[0.735390, 0.677220, -0.023971];
[0.736853, 0.676053, 0.000000];
[0.735390, 0.677220, 0.023971];
[0.731035, 0.680694, 0.047365];
[0.723892, 0.686392, 0.069615];
[0.714130, 0.694179, 0.090183];
[0.701981, 0.703872, 0.108567];
[0.687735, 0.715238, 0.124318];
[0.671733, 0.728007, 0.137046];
[0.654360, 0.741870, 0.146431];
[0.636038, 0.756492, 0.152235];
[0.617213, 0.771517, 0.154303];
[0.617213, 0.771517, -0.154303];
[0.634851, 0.757708, -0.151137];
[0.651816, 0.744508, -0.144371];
[0.667726, 0.732202, -0.134246];
[0.682232, 0.721042, -0.121065];
[0.695031, 0.711244, -0.105182];
[0.705862, 0.702988, -0.086991];
[0.714509, 0.696418, -0.066918];
[0.720806, 0.691647, -0.045416];
[0.724632, 0.688754, -0.022950];
[0.725915, 0.687784, 0.000000];
[0.724632, 0.688754, 0.022950];
[0.720806, 0.691647, 0.045416];
[0.714509, 0.696418, 0.066918];
[0.705862, 0.702988, 0.086991];
[0.695031, 0.711244, 0.105182];
[0.682232, 0.721042, 0.121065];
[0.667726, 0.732202, 0.134246];
[0.651816, 0.744508, 0.144371];
[0.634851, 0.757708, 0.151137];
[0.617213, 0.771517, 0.154303];
[0.617213, 0.771517, -0.154303];
[0.632005, 0.760273, -0.150183];
[0.646151, 0.749766, -0.142614];
[0.659348, 0.740177, -0.131901];
[0.671327, 0.731646, -0.118383];
[0.681854, 0.724281, -0.102429];
[0.690733, 0.718164, -0.084425];
[0.697804, 0.713354, -0.064771];
[0.702943, 0.709892, -0.043874];
[0.706061, 0.707804, -0.022145];
[0.707107, 0.707107, 0.000000];
[0.706061, 0.707804, 0.022145];
[0.702943, 0.709892, 0.043874];
[0.697804, 0.713354, 0.064771];
[0.690733, 0.718164, 0.084425];
[0.681854, 0.724281, 0.102429];
[0.671327, 0.731646, 0.118383];
[0.659348, 0.740177, 0.131901];
[0.646151, 0.749766, 0.142614];
[0.632005, 0.760273, 0.150183];
[0.617213, 0.771517, 0.154303];
[0.617213, 0.771517, -0.154303];
[0.627784, 0.763904, -0.149455];
[0.637930, 0.757021, -0.141295];
[0.647425, 0.750931, -0.130165];
[0.656069, 0.745667, -0.116422];
[0.663684, 0.741239, -0.100438];
[0.670121, 0.737644, -0.082586];
[0.675255, 0.734868, -0.063242];
[0.678991, 0.732899, -0.042781];
[0.681261, 0.731723, -0.021576];
[0.682022, 0.731332, 0.000000];
[0.681261, 0.731723, 0.021576];
[0.678991, 0.732899, 0.042781];
[0.675255, 0.734868, 0.063242];
[0.670121, 0.737644, 0.082586];
[0.663684, 0.741239, 0.100438];
[0.656069, 0.745667, 0.116422];
[0.647425, 0.750931, 0.130165];
[0.637930, 0.757021, 0.141295];
[0.627784, 0.763904, 0.149455];
[0.617213, 0.771517, 0.154303];
[0.617213, 0.771517, -0.154303];
[0.622584, 0.768235, -0.149015];
[0.627883, 0.765520, -0.140506];
[0.632961, 0.763337, -0.129136];
[0.637677, 0.761630, -0.115269];
[0.641901, 0.760334, -0.099275];
[0.645518, 0.759382, -0.081518];
[0.648433, 0.758713, -0.062358];
[0.650571, 0.758275, -0.042151];
[0.651875, 0.758028, -0.021249];
[0.652314, 0.757949, 0.000000];
[0.651875, 0.758028, 0.021249];
[0.650571, 0.758275, 0.042151];
[0.648433, 0.758713, 0.062358];
[0.645518, 0.759382, 0.081518];
[0.641901, 0.760334, 0.099275];
[0.637677, 0.761630, 0.115269];
[0.632961, 0.763337, 0.129136];
[0.627883, 0.765520, 0.140506];
[0.622584, 0.768235, 0.149015];
[0.617213, 0.771517, 0.154303];
[0.617213, 0.771517, -0.154303];
[0.616876, 0.772847, -0.148898];
[0.616863, 0.774465, -0.140297];
[0.617104, 0.776258, -0.128864];
[0.617521, 0.778107, -0.114966];
[0.618035, 0.779896, -0.098970];
[0.618570, 0.781519, -0.081239];
[0.619060, 0.782883, -0.062127];
[0.619450, 0.783912, -0.041987];
[0.619701, 0.784553, -0.021164];
[0.619787, 0.784770, 0.000000];
[0.619701, 0.784553, 0.021164];
[0.619450, 0.783912, 0.041987];
[0.619060, 0.782883, 0.062127];
[0.618570, 0.781519, 0.081239];
[0.618035, 0.779896, 0.098970];
[0.617521, 0.778107, 0.114966];
[0.617104, 0.776258, 0.128864];
[0.616863, 0.774465, 0.140297];
[0.616876, 0.772847, 0.148898];
[0.617213, 0.771517, 0.154303];
[0.617213, 0.771517, -0.154303];
[0.611183, 0.777317, -0.149112];
[0.605807, 0.783075, -0.140681];
[0.601116, 0.788622, -0.129362];
[0.597113, 0.793795, -0.115523];
[0.593785, 0.798444, -0.099530];
[0.591110, 0.802438, -0.081752];
[0.589062, 0.805663, -0.062551];
[0.587619, 0.808032, -0.042289];
[0.586761, 0.809479, -0.021321];
[0.586477, 0.809966, 0.000000];
[0.586761, 0.809479, 0.021321];
[0.587619, 0.808032, 0.042289];
[0.589062, 0.805663, 0.062551];
[0.591110, 0.802438, 0.081752];
[0.593785, 0.798444, 0.099530];
[0.597113, 0.793795, 0.115523];
[0.601116, 0.788622, 0.129362];
[0.605807, 0.783075, 0.140681];
[0.611183, 0.777317, 0.149112];
[0.617213, 0.771517, 0.154303];
[0.617213, 0.771517, -0.154303];
[0.606030, 0.781239, -0.149642];
[0.595688, 0.790630, -0.141633];
[0.586337, 0.799469, -0.130608];
[0.578086, 0.807555, -0.116920];
[0.571015, 0.814710, -0.100942];
[0.565176, 0.820779, -0.083051];
[0.560607, 0.825634, -0.063628];
[0.557329, 0.829174, -0.043056];
[0.555358, 0.831328, -0.021719];
[0.554700, 0.832050, 0.000000];
[0.555358, 0.831328, 0.021719];
[0.557329, 0.829174, 0.043056];
[0.560607, 0.825634, 0.063628];
[0.565176, 0.820779, 0.083051];
[0.571015, 0.814710, 0.100942];
[0.578086, 0.807555, 0.116920];
[0.586337, 0.799469, 0.130608];
[0.595688, 0.790630, 0.141633];
[0.606030, 0.781239, 0.149642];
[0.617213, 0.771517, 0.154303];
[0.617213, 0.771517, -0.154303];
[0.601916, 0.784260, -0.150444];
[0.587460, 0.796502, -0.143093];
[0.574126, 0.807968, -0.132536];
[0.562150, 0.818414, -0.119106];
[0.551723, 0.827622, -0.103167];
[0.542998, 0.835409, -0.085111];
[0.536096, 0.841624, -0.065343];
[0.531105, 0.846148, -0.044284];
[0.528087, 0.848896, -0.022359];
[0.527077, 0.849818, 0.000000];
[0.528087, 0.848896, 0.022359];
[0.531105, 0.846148, 0.044284];
[0.536096, 0.841624, 0.065343];
[0.542998, 0.835409, 0.085111];
[0.551723, 0.827622, 0.103167];
[0.562150, 0.818414, 0.119106];
[0.574126, 0.807968, 0.132536];
[0.587460, 0.796502, 0.143093];
[0.601916, 0.784260, 0.150444];
[0.617213, 0.771517, 0.154303];
[0.617213, 0.771517, -0.154303];
[0.599256, 0.786101, -0.151451];
[0.581978, 0.800181, -0.144956];
[0.565771, 0.813430, -0.135035];
[0.550992, 0.825548, -0.121976];
[0.537952, 0.836269, -0.106124];
[0.526917, 0.845362, -0.087875];
[0.518106, 0.852636, -0.067663];
[0.511690, 0.857940, -0.045952];
[0.507792, 0.861166, -0.023231];
[0.506485, 0.862249, 0.000000];
[0.507792, 0.861166, 0.023231];
[0.511690, 0.857940, 0.045952];
[0.518106, 0.852636, 0.067663];
[0.526917, 0.845362, 0.087875];
[0.537952, 0.836269, 0.106124];
[0.550992, 0.825548, 0.121976];
[0.565771, 0.813430, 0.135035];
[0.581978, 0.800181, 0.144956];
[0.599256, 0.786101, 0.151451];
[0.617213, 0.771517, 0.154303];
[0.617213, 0.771517, -0.154303];
[0.598348, 0.786576, -0.152573];
[0.579907, 0.801297, -0.147073];
[0.562349, 0.815315, -0.137929];
[0.546114, 0.828279, -0.125356];
[0.531609, 0.839861, -0.109659];
[0.519201, 0.849770, -0.091221];
[0.509206, 0.857753, -0.070498];
[0.501878, 0.863605, -0.048006];
[0.497404, 0.867178, -0.024309];
[0.495900, 0.868379, 0.000000];
[0.497404, 0.867178, 0.024309];
[0.501878, 0.863605, 0.048006];
[0.509206, 0.857753, 0.070498];
[0.519201, 0.849770, 0.091221];
[0.531609, 0.839861, 0.109659];
[0.546114, 0.828279, 0.125356];
[0.562349, 0.815315, 0.137929];
[0.579907, 0.801297, 0.147073];
[0.598348, 0.786576, 0.152573];
[0.617213, 0.771517, 0.154303];
[0.617213, 0.771517, -0.154303];
[0.599321, 0.785614, -0.153702];
[0.581614, 0.799655, -0.149253];
[0.564548, 0.813273, -0.140971];
[0.548583, 0.826088, -0.128978];
[0.534163, 0.837726, -0.113512];
[0.521709, 0.847827, -0.094922];
[0.511593, 0.856063, -0.073672];
[0.504130, 0.862160, -0.050326];
[0.499554, 0.865907, -0.025533];
[0.498012, 0.867170, 0.000000];
[0.499554, 0.865907, 0.025533];
[0.504130, 0.862160, 0.050326];
[0.511593, 0.856063, 0.073672];
[0.521709, 0.847827, 0.094922];
[0.534163, 0.837726, 0.113512];
[0.548583, 0.826088, 0.128978];
[0.564548, 0.813273, 0.140971];
[0.581614, 0.799655, 0.149253];
[0.599321, 0.785614, 0.153702];
[0.617213, 0.771517, 0.154303];
[0.617213, 0.771517, -0.154303];
[0.602113, 0.783275, -0.154726];
[0.587071, 0.795277, -0.151271];
[0.572473, 0.807207, -0.143845];
[0.558721, 0.818708, -0.132470];
[0.546218, 0.829390, -0.117293];
[0.535353, 0.838852, -0.098613];
[0.526480, 0.846705, -0.076879];
[0.519904, 0.852598, -0.052693];
[0.515861, 0.856254, -0.026790];
[0.514496, 0.857493, 0.000000];
[0.515861, 0.856254, 0.026790];
[0.519904, 0.852598, 0.052693];
[0.526480, 0.846705, 0.076879];
[0.535353, 0.838852, 0.098613];
[0.546218, 0.829390, 0.117293];
[0.558721, 0.818708, 0.132470];
[0.572473, 0.807207, 0.143845];
[0.587071, 0.795277, 0.151271];
[0.602113, 0.783275, 0.154726];
[0.617213, 0.771517, 0.154303]];
